   -0.507324    -0.101174    -0.639006    -1.286746    -2.446668     0.244633     0.010230     0.313917     1.191898     2.058494     0.765083     0.952030
    1.499988     1.774009     2.067374     1.464920     1.967053     0.729409     0.479459     0.978781     0.614695    -0.067055    -0.443050    -0.206667
    0.261381    -0.366570    -1.017012    -0.508459    -1.712000    -0.963079    -1.153265    -1.239978    -0.445224    -1.204563     0.338618    -0.463217
    2.001584     0.455833     0.347135     1.598732     1.069140     2.744248    -1.660630    -0.655563     0.045837    -0.344831     0.141169    -0.704312
   -0.592684    -0.518117     0.643450    -0.908618     0.203997     0.109484    -0.138711    -0.244953    -0.691297     0.156356    -0.256200    -0.100170
    1.527782     0.861230     0.572295     0.642202     1.445090     1.438855    -1.174515     1.523126     1.057620    -1.317016    -0.698077    -0.067889
    1.545800    -0.133979     0.311646     0.279058     0.662775    -0.151251     0.025456    -0.388617     0.068218     0.207218    -0.908099    -0.493613
   -1.074059    -0.737509    -0.657137     2.747589     1.048247     0.320636     0.408423     0.419830    -0.080500     0.499405    -0.682229    -0.164345
   -1.563173    -1.052074     0.292297    -0.200552     0.155044    -0.058435     1.351519     0.338680     1.463650     1.488075    -0.275790     0.553809
    1.272839     0.798961     0.379639    -0.674448    -0.982132    -0.010277     0.090029    -0.015576     1.028881     0.803823     1.031732     2.106287
   -3.091249    -1.085111    -0.705134    -1.553214    -0.760328    -0.537901    -2.070986    -1.253230    -1.496720    -2.416840    -1.899895    -1.016304
    1.894105     2.198019     1.055427     0.628056     1.014401     0.926953     0.849042     0.482352    -0.467568     1.038768    -0.208221     0.300016
    2.196189     1.309766     0.871166     0.504460     0.287591     1.307927     0.353131     0.196268     0.675276    -0.587859     1.068354     0.218848
   -2.162179    -0.577856    -1.385645    -1.916244    -1.426954    -0.657953     0.289825     0.631776    -0.576390    -2.681035    -1.167447    -1.682186
    0.577947     0.154436     0.704930     1.225494     0.601729     1.386049    -3.058329    -0.942019    -1.149893    -1.553074    -0.289795    -1.448177
    2.344484     1.680242     1.647755    -0.160064     0.332069     0.037277     2.113964     0.426628     0.658993     1.509682     1.860647     1.249293
    1.215989     0.455182     0.476813     0.038644    -1.225099    -1.674308    -1.881163     0.514704    -1.571652    -1.073173    -1.468923    -2.304039
    1.053970     0.960141     0.135534    -1.977606     0.310047    -0.572978     0.606686     0.407161    -0.480967    -0.886352    -0.275247    -0.034724
    1.422267     1.352900     0.556765    -1.740588    -1.358381    -0.942675    -0.043759     0.666400    -0.244565    -0.574688     0.799294     0.992914
   -0.698677    -0.889568    -1.406785    -0.667428     0.070144     0.307477    -0.593323     0.742488     0.053383    -1.863951    -1.138580    -0.901124
   -0.737058    -0.447134     0.246927     0.201211    -0.121741    -0.154714     0.175494     0.453643     0.783187     0.432522     0.718309     0.051164
    0.359704     0.237441     0.963450     0.955124     1.748495     1.045545     1.077665     0.843599     1.221282     0.482961    -0.477580     1.013412
   -0.678472    -0.487756     1.479543    -0.769530    -0.929161    -1.038920     0.134500     0.698253     0.498001     0.379560     1.355179     0.957047
   -1.003247    -0.267915    -1.173389    -1.102503    -0.804045    -1.404774     1.219661     0.448723    -0.295621     1.057292    -0.229000    -0.303135
    0.242152    -0.337381    -0.789580    -0.100156    -0.399634    -0.468609    -3.253521    -2.412506    -1.205102    -1.777561    -1.405812    -0.908320
    1.448635     1.703672     0.889766    -0.146261     0.780192     0.104291     2.304573     1.906111     2.324650    -0.705129     0.072082    -0.110562
    0.491218     0.991097     0.991726    -0.313379    -0.860737     0.018799    -0.661194     0.658612    -1.243935     2.868897     2.282486     1.249272
    0.654391    -0.106248     0.068541     2.893368     1.655640     2.101950     0.048879    -0.946323    -0.351607     0.608835    -0.078833     0.570920
    1.457876     1.597228     1.579287    -0.524232    -0.366505    -0.538015     2.283256     1.509831     2.061870     2.415823     0.704779     2.333062
   -1.434661    -1.405167    -0.972542    -0.582081    -0.123600     0.800645     0.672897     0.751234     0.183825     0.634288     1.333682    -0.519094
   -1.906795    -1.095746    -2.117445     0.071380     0.760991    -0.631566     0.506640     0.753181    -0.683809     0.976158     0.405757     0.443268
   -2.038167    -0.652164    -1.255702    -1.881654    -1.023236    -0.764870    -3.162434    -3.167908    -1.476432     0.774563     0.279126    -0.158806
   -1.073443     0.220756    -1.306887    -0.287439    -0.365670     0.312223    -1.515981    -1.589965    -1.243584    -2.639907    -2.120516    -0.793699
    0.265494    -1.194839     0.105020    -0.018331    -0.152948     0.819114    -0.384041    -0.082995    -1.113070    -1.431909    -1.318504    -1.988722
    0.702624     0.597095     0.598104     1.121822     0.135897     0.566786     1.042994     0.803147     0.892460     0.306727    -0.106678     0.541966
   -2.452957    -2.020802    -2.172116     0.197146    -0.127589    -0.005515    -0.900807     0.558586    -0.260255    -2.090167    -1.499774    -0.690637
   -1.088091    -1.499854    -1.135831     0.815103     0.254209    -0.596744    -0.773086    -1.029572    -1.094300     0.517085     0.110114    -0.207568
    2.150164     2.420454     1.983306    -0.208523    -0.549830    -0.887366     0.077036     0.640137     1.246843     3.034353     3.459957     2.128586
    2.287530     0.457604     0.416294    -1.868456    -2.178540    -0.758493    -1.711161    -0.457237    -1.778103     0.057041     0.413726     0.855559
   -0.531320    -0.215555    -1.029330    -1.377575    -1.273797    -0.552547     1.204086     0.910445    -0.107656     0.199350    -0.236811    -0.867597
    2.054338     0.823064     1.923726    -0.182629     0.234517    -0.063570     1.517014     1.556538    -0.510587     0.817869     0.769758     1.161163
   -0.154643    -1.125854     0.960717    -0.604976     0.323305     0.714327    -1.025919    -0.401315    -0.338478    -0.596477     0.918628    -0.157948
   -1.970845    -1.959372    -1.508136     1.625196     1.222744     0.585564    -0.599272    -0.215594    -0.703441     1.476177     1.102035     0.444018
    1.481163    -0.024428     0.158307     2.743688     1.179410     1.169330     0.088088     0.720641     0.345131     0.266996    -0.278268    -0.506331
   -1.218850    -0.388457    -0.866837    -0.806323    -0.323766    -0.690635     1.093621     0.755545     0.058453    -0.539984     0.140227    -0.975639
   -1.170274     0.308192    -0.694134    -0.114723     0.394405     0.421233     1.488925     0.825294     1.872644    -0.498357    -1.123696    -0.518090
   -1.966122    -0.578033    -1.323914    -1.692885    -1.741102    -1.994314    -0.724512    -0.122139    -0.257592    -0.414866     0.070104    -1.201573
    1.608673     0.982889     1.424043     0.536812     0.953448     0.381117     0.213743    -0.086361    -1.023980     0.306032     0.010381    -0.696667
    0.030448    -0.445787    -0.428909     1.857315     0.972058     1.475967     2.179020     1.242840     1.327708     0.480623     0.303235     1.118406
    0.578616     0.707086     0.024795     0.260739    -0.158418     0.247584     0.106074    -1.055785    -0.346362     0.907795    -1.773123     0.697641
    0.059141     0.160093     0.635671     1.228971     1.570209     1.674039    -0.824713    -0.894865    -0.883722     1.162153    -0.132390     1.193410
   -0.616121    -1.316035    -0.819947    -1.175591    -0.093163    -0.691570     1.772433     0.427386     0.230786    -0.632227    -0.737703    -0.922389
   -1.745133    -0.829337    -1.271450    -1.456022    -1.445620    -1.348896    -1.672197    -1.084896    -1.728585     0.752031     0.262886     0.804300
    0.078722    -0.344363    -0.617171     0.223278     0.219390    -0.045576    -2.550660    -2.104301    -1.041508    -0.187857     0.344483    -0.857005
    0.316593     0.222471    -0.025779     1.417834     0.097431     0.075410     1.477350     1.085285     0.843469     0.552882     0.444742    -0.633128
   -0.194902    -0.280700    -0.340749    -0.588741    -0.263109    -0.678026    -0.391853    -0.946108    -0.351585    -0.612300     0.166647     0.249283
    0.497331     0.963378     0.782590    -0.790618     0.374305    -0.471163     0.784326    -0.323626     1.129473     3.945635     1.790830     1.403612
    0.094383     1.234325     0.671633    -0.489333     0.090344    -0.391454     0.879818     1.068300     0.735266     1.187617     0.189873    -0.083120
    1.527990     0.876547     1.577200    -0.091773     0.545903     0.804253     1.132118     0.704481     0.950518    -0.128358    -1.348904    -0.197462
   -0.379715    -0.193811    -0.677423    -2.064093    -1.096624    -0.703632    -0.908670    -0.327471    -1.085811    -0.566832    -0.476526     0.235821
   -1.167403    -0.431135    -0.188559    -3.322202    -2.354505    -1.497792    -2.698477    -1.422803    -0.949026    -1.704777    -0.474256    -0.421156
    0.028994     0.449198     0.294351     2.128429     1.056945     1.203846    -0.934932    -0.795750    -0.947628    -0.342303    -0.632273    -0.380858
    0.270580    -0.264934    -0.112737     0.880117     0.497186     1.478708     0.591647     0.703107     0.647636    -2.778782    -1.905589    -2.257287
   -1.598042    -2.326148    -0.934457    -0.088000     0.243133    -0.104675    -1.404400    -0.854022    -0.732801    -0.175396    -0.629284    -1.173297
   -1.586114    -0.558244     0.098116     1.711090     0.519062     0.007479    -0.490266    -0.643517    -0.649886    -0.266079    -0.388173     0.194077
    0.348679     0.958309     0.380587     0.405695    -0.968355     0.843285     1.612206    -0.026271     0.820376    -1.296290    -0.891309    -0.475409
   -0.018842    -0.076699     0.148901     2.152842     0.344452     0.691321    -1.655844    -0.751882    -1.801827    -1.297434    -1.173516    -0.960487
   -1.191911    -0.439503    -0.735365    -0.399095    -0.647699    -0.063014    -0.259742    -1.000130    -0.048124    -1.061619    -0.784174    -0.167262
    1.161069     1.520690     0.533966    -0.356512    -0.182806    -0.264619     0.620952    -0.108402     1.069765     0.928488     0.410770     2.374459
    1.117187     0.431820     0.973416     0.231957     0.348574     1.156256    -1.591253     0.409575    -0.421660     2.748938     1.724325     1.518783
    1.169975     1.026255     1.338394     0.756535    -0.913547    -0.612090    -1.341245    -0.180623    -0.788123    -2.168802    -1.330144    -0.911690
    0.765506     1.089279     0.145597     1.939492     1.628213     1.561201     2.161671     0.128352     2.151613     1.867344     0.228463     0.284323
   -1.036804    -1.805542    -0.769767     1.270092     1.007471     0.315904     0.214684     0.144112     0.214287    -1.668080    -1.831059    -1.442667
   -0.880448     0.014112    -0.268124     0.544024     0.363375    -0.037875    -0.552694     0.180590     0.062049     1.319099     1.263154     1.214530
   -0.838067     0.597019     0.922994    -0.862896    -0.140009     0.520041    -2.006594    -1.484667    -2.183369    -0.263853     1.178662    -0.070382
    2.015359     0.327049     1.001491     0.280959     0.271026     0.405365    -0.096558     0.036127    -0.537997     1.344158     1.041287     1.341723
    0.272406     0.337879     1.389993    -0.651283    -0.625429    -0.375300    -0.772711    -1.350759     0.325500    -1.130665    -0.126526    -0.603242
   -0.593774     0.489903    -0.025538    -0.201370     0.197834     0.730794    -0.596306     0.402042     0.133581    -0.844040    -0.056008    -0.656589
    2.359429     1.814638     1.317397    -0.185764    -0.133240     0.257299     0.892524     0.277409    -0.960123     0.183806     0.640344     0.655957
   -0.084012    -0.019897    -0.144522     1.015991     1.752485    -0.117837    -0.844326    -0.823625    -0.602243     1.749962     0.917976     1.615929
   -1.075647    -0.627035    -0.772975    -1.545492    -0.827659    -0.301974     0.509645    -1.318659    -0.198735     1.254150     0.379528     0.512396
    1.400247     1.067589     0.832608    -1.901759    -0.765370    -0.689378     0.073033     0.522750    -0.290466    -0.354230     0.401602    -0.366322
    0.931013     0.555770     0.354367    -0.126268     0.362265    -1.260325    -0.127395    -0.277376    -0.563336    -1.481335    -2.153966    -1.942455
   -0.234984    -1.507525    -0.805557    -1.856591    -1.198114    -2.148295    -0.767707    -0.731088    -0.645604    -0.207514     0.696246     1.229406
    0.517994    -0.072017     0.785558    -0.491994    -0.939590     0.237922     0.685730     0.513502     0.267534    -1.427957    -0.824280    -1.428361
   -0.056322     1.069902     0.113314     2.794435     1.710194     2.103275     2.684748     1.341822     2.332755     1.510111     1.935269     1.375769
    0.665093     0.984321     0.763127    -0.235813     0.125474     0.197798    -0.661449    -0.766508    -1.782429    -0.076929    -0.152627    -1.002018
   -1.727863    -0.583049     0.119116    -1.988750    -1.583024    -1.698952    -3.781649    -2.174646    -1.871056    -1.615873    -0.377691    -0.368984
    1.558410     0.455074     0.792359     1.550533    -0.076833    -0.483979     1.440210     0.621228    -0.412892    -0.184102    -0.267095    -0.092197
    0.725696     1.461988     1.566702     1.031035     1.668928     1.741738     1.223870     1.158875     0.441027    -0.328111     0.297620     0.267125
    0.467152     0.212522     0.886653     1.119839     1.481549     1.319873     2.860214     2.727093     1.077686     0.368371    -1.036634    -1.297272
   -0.266151     0.018258     0.251049     2.073673    -0.130258     0.568516    -0.792338    -0.754622     0.414055     0.733935     0.704412     0.301308
    0.533751     0.545469    -0.271514    -0.431846    -0.262569    -0.089011    -0.333068    -0.526488    -0.744780     0.517890     0.789978     0.439995
   -0.397745    -0.016325    -0.629175     0.721118     1.012517     0.787867    -0.760470    -0.846495    -0.980637     0.381733     0.400034    -0.746487
   -1.241807    -0.673120    -1.344001    -1.758315    -1.414570    -1.557366    -1.254813    -0.282108    -0.613104    -1.575341    -0.756392     0.297200
    3.393182     1.883514     2.352110     0.729439     1.386655     1.446982     2.820616     1.848965     1.992475     2.674106     1.954299     2.204779
   -0.588980     0.752359     0.069946    -1.852157    -1.056629    -1.248995    -1.019847    -0.792818    -0.359638    -1.551793    -0.431002     0.319720
    0.321690    -0.543252    -0.780471     1.211639     0.997319     1.623043     2.553490     1.520448     1.183605     0.641442     0.273291     0.133928
    2.093940     0.602605     0.638209     0.988323     0.326169    -0.599846     3.282210     2.993061     2.790091    -0.783728    -0.500321    -0.384721
    1.005657     0.991409    -0.094966     2.170148     1.608951     0.963411     2.136790     1.934183     2.011007    -2.622626    -0.081592    -0.260798
    0.584448     1.021071     1.078574     1.204909    -0.630559    -0.150033     1.931586     1.832774     1.404568    -0.787504     0.529105     0.660106
   -2.787972    -2.192587    -1.258291    -3.486103    -2.650382    -1.873464    -2.729975    -1.911597    -2.194254    -0.069030    -0.119697    -1.113449
   -0.880781    -0.058367     0.466445    -0.058108    -1.013406    -0.754000    -1.551015    -1.789696    -1.254100    -2.500419    -2.347126    -1.481657
   -2.403183    -0.637774    -0.989364     2.767509     1.825355     1.231844    -1.816336    -0.690720    -0.805852     1.601205     0.831329     1.302273
   -0.290808     0.405014     0.764359    -0.176899    -1.105358     0.251605     1.148705     1.409871     1.438084    -0.144849    -1.446860    -0.227706
    0.342754     0.348786    -0.786861     0.333264     0.529930     0.114809    -0.713974     0.319914    -0.348359    -0.009742    -0.027916    -0.160463
   -1.335745    -0.231720    -0.296447    -3.551854    -1.193823    -0.924408    -1.539282    -1.476409    -1.306686    -0.377851    -0.738766     0.350973
   -1.561099    -0.668368     0.578943    -3.629178    -1.857932    -2.108272    -1.726104    -1.194424    -0.625520    -0.820607     0.338917     0.344635
    2.009525     1.624659     1.722926    -0.609072     0.451779     0.878599     0.200422    -0.229926     0.876395     1.110700     0.785710     0.173648
    2.676465     1.605434     0.777407     1.956368     0.528650     0.940242     0.411614    -1.131155     0.484810     0.014124     0.820719    -0.232423
    0.301201     0.292931    -0.108337    -0.829652    -0.139315    -0.518906    -3.262700    -2.456523    -2.173536    -1.294798    -0.844735    -2.076800
    0.068227     0.486463     0.639750     0.601257     0.774845     0.278133     0.761804     0.876031     0.132464     0.359234    -0.135419    -0.460146
   -0.923710    -0.981306    -2.221049    -1.104601    -0.786415    -0.767492     0.489065     0.469443     0.342825     0.597660     2.057904     1.278675
   -0.433352    -0.167692    -0.441642    -0.069236     1.023008     0.463167     0.611636    -0.544141    -0.307953    -0.364853     0.167986     0.447553
   -1.618536    -0.391098    -0.753711    -1.611534    -1.002833    -1.267633    -1.598715    -1.186786    -0.429810     0.627341     0.209654     0.277298
   -0.932208     0.542107     0.430720    -0.667832    -0.232810    -0.956408    -0.067951     0.305223    -0.290193    -1.488905    -0.967264    -1.290382
   -0.426183     0.186754    -0.654739     0.411138     0.288759    -0.245223     1.124180     0.997041     0.849233    -0.110121    -0.554883     0.096670
   -0.426524    -0.526208    -1.516956    -0.338730     0.167242     0.287594    -1.763635    -1.260766    -0.254132    -0.997310    -1.452869    -1.943813
    0.208642     1.436241     0.860384     0.321519     0.080744    -0.386390    -1.177378     0.122254     0.345766     1.230092     1.327291     0.483361
   -0.733675    -1.766781    -0.457744    -1.705014    -1.100281    -0.399381    -1.167691    -0.836780    -0.771561    -1.946275    -1.613028    -1.051354
   -0.279691    -0.537718    -0.345394     1.109859     0.659892     1.641793     3.390385     0.705866     1.656041     0.306427    -0.097558    -0.357646
   -1.073052     0.345247     0.657561     0.206343     0.996759     0.159902    -1.176956    -2.062708    -0.505379     0.842182     0.993904     0.438162
    1.310256     0.400377     0.045067    -2.280958    -1.258862    -0.740068     0.473082     1.807800     2.055772     0.743529     1.435612     1.271669
    0.926407     0.397780     0.294028    -0.092618     1.048145    -0.266403    -0.043528    -0.306364    -0.162050    -0.065316    -0.392301     0.685303
   -0.129473     0.084742    -0.523090     2.256746     0.969491     0.981959     1.371352     0.327860     1.141954    -0.374451     1.218435     0.148412
    0.759844     0.097779     0.273839    -0.573020     0.742639     0.244304     1.103668     1.139614    -0.099226     0.278376    -0.857758     0.750218
    0.640002     0.955415     1.003286    -0.765358    -0.625410     0.101842     1.019478    -0.018870     0.440594     0.302248     1.164325     1.566358
   -1.266577    -0.663547    -1.094991    -3.912398    -2.309026    -1.537326     0.612079     1.070253     1.265214    -1.726895    -1.630131    -1.447375
   -1.172562    -1.037299    -0.382162     0.558507     0.636250    -0.235912    -0.931457    -0.615854    -0.888352     0.388145    -0.521313     0.418712
   -3.094812    -1.799148    -1.027745     1.554111     0.168751     0.183738    -0.503859    -0.068873    -0.324751    -1.218240    -0.476303    -0.564209
    1.599820     2.451035     0.546689     1.308806     1.387818     2.128033     0.945043    -0.195594     0.858614     0.810108    -0.148231     0.536941
   -1.681958    -1.380816    -1.175501     0.750140     0.341332     0.760742     0.866232     0.861693     1.212731     0.176767    -0.288059    -0.444137
    1.149340    -0.138689     0.054903     0.777355     1.031063     0.993587     0.899678     0.550239     0.791236     3.845267     2.017956     1.708775
   -0.905576    -0.796050    -1.017658     0.524387    -0.486126    -0.989765    -0.664678    -1.399665    -1.497331     0.771455    -0.095374     0.284501
   -0.550641    -1.125967    -1.347464     1.124701     1.331269     0.177946     0.822548     0.447460     0.576995     1.845140     1.188474     1.202666
    0.612583    -0.169334     0.437619     0.530122     0.425586    -0.193803     2.702923     1.620260     1.972887    -2.715676    -2.463361    -2.524774
    0.709011     0.808336     0.671373     0.234836     0.960619     1.177500     1.336639     1.171512     1.314510     2.319090     0.831829     2.882207
   -1.578421    -0.555788    -1.654017    -1.156058    -1.210857    -0.866906    -2.346766    -0.250435    -0.375347     0.102270     0.312523     0.311506
   -3.279802    -1.962151    -0.596041     1.398165     0.357808     2.440941    -0.144297    -0.209554    -0.196252    -1.011214     0.482143     0.164930
    0.141853     0.050899    -0.237637    -0.808389    -1.833557    -1.836655     0.154324     0.027628    -0.257219    -0.442009    -0.154290     0.286947
    1.657589     0.960815     1.448682     2.760456     2.258744     1.662011     1.556721     2.220108     0.345613     0.316863     0.596462     0.073725
   -0.808315    -0.586179     0.431765     1.811179    -0.585660     0.496245     0.821913     0.520435    -0.212102     0.532676     1.144590     0.960901
   -1.327378    -2.004165    -1.196014    -0.203201    -0.606069    -0.793688    -0.919417    -0.745601    -0.451753    -0.714916    -1.127506    -0.519796
    0.708934     0.454881     0.170478     0.615394     0.612624     1.253464     0.792933     0.132205     1.154119     0.604170     0.677704     0.210462
   -1.411617    -1.410506    -0.234285    -2.225095    -0.897988    -2.169180    -2.629741    -2.012546    -1.317140    -1.362385    -1.072379    -0.852569
    0.354225     0.165591    -0.227791    -0.320384    -0.756677    -0.933288     0.091579     0.870349     0.137489    -2.313279    -1.538769    -0.431527
   -1.398536    -0.023255    -0.318576     0.118087    -0.584357    -0.006561    -1.385139    -1.812146    -1.122237     1.292826     1.349353    -0.126625
    1.382946     1.973919     1.673970     1.587963     0.955747     1.361032     0.161510     0.341719     1.064121     0.177989     0.012623    -0.685875
   -0.425812    -0.416878    -0.033486     0.981877     1.449547     1.180013     0.244896     0.709006     1.707896    -0.013983     0.509498     0.117905
    0.757057     0.433961     0.808690    -0.630948    -0.361487    -0.441325     0.589578     1.985637     0.595055     2.527850     1.169508     0.655274
   -0.068873     0.431153     0.215843    -0.455306     0.063428    -0.284087     0.187535     0.017686     0.129195    -0.051546    -0.643735     0.144665
   -1.723169     0.619271    -1.028660    -2.210888    -0.973849    -1.257414    -0.546421    -1.339934    -1.388035     0.848148     1.429934     1.150657
   -0.330053    -0.395261    -1.551698    -0.415212     0.220843    -0.708232     0.253497    -0.032029    -0.228046    -1.937247    -0.421445    -1.606755
    0.878015     1.245473     0.326951     1.400990     0.160521     1.143346     1.126977     0.745458     0.430604     0.060616     0.427703     0.193204
    2.163880     1.261907     0.325419     1.452506     0.638128     0.042680    -0.694113    -1.171396    -0.417197    -2.578914    -0.949329    -0.896838
    1.917487     0.978244     1.073214     1.864644     0.754440     0.326664     0.679616     1.113069     0.740143     3.373189     1.558136     1.923531
   -0.582249    -2.932972    -0.895891    -2.006030    -1.498685    -1.119203    -1.330877    -0.946545    -1.463971    -0.516591    -0.523711    -0.821403
   -1.468911    -0.766224    -1.285823     0.756658     0.124776     0.392193    -0.396727    -0.004911     0.397207     0.243283    -0.517185     0.706556
    1.303539     0.768743     1.416640    -1.010613    -0.721337    -0.226452     1.888646     0.559825     2.124636    -0.286902     0.123076     1.912366
    1.531035     1.874610     2.203402     1.357700     0.236069    -0.464361    -0.830812    -0.457073     0.477003     0.838647     1.019794     0.483609
   -0.923459    -1.566911    -1.093795    -1.935554    -2.526969    -1.213096    -0.044211     1.090450    -0.342361    -1.715674    -0.578790    -1.374129
    1.336427     0.507428     0.510817    -0.072524    -0.221680    -0.735541    -0.568366    -0.843238     0.017799    -0.175170     0.258829    -0.493472
   -1.528485    -0.244332     0.731155     0.243861    -1.112162     0.114921     0.869706     0.536792     0.905098     0.703744     0.918396     2.061514
    1.464130     2.001803     1.688282     1.979677     0.728939     1.956010     2.145093     0.595955     1.257548     1.529962     0.975387     1.812780
    2.366970     0.802697     0.481525    -0.141355     0.446611    -0.074458    -1.466950    -0.889201     0.239453     0.078646     0.822364     0.006602
   -1.479576    -0.504080    -1.287830    -0.908509    -0.901677    -0.758876    -0.388963    -0.519174    -0.675758    -0.118683    -0.924168    -0.905285
    1.985653     0.790039     0.442425     0.564225     0.300362     0.735916     3.028334     1.348608     1.599485    -0.094363    -0.328080    -0.322477
   -0.188658     0.076176     0.532482     0.797508     0.674577     1.552268     1.167780     1.073611     1.050262     0.019351    -0.086991    -0.759472
   -0.109358    -1.031577    -0.281324    -0.801020    -1.325687    -0.192376    -0.898288     0.078718    -0.596241     0.676744     0.181573     1.056426
    1.951246     2.004374     1.901045     0.113094    -0.019755    -0.489340     1.467443     0.797888     1.795705     3.272789     1.372256     0.937980
   -2.082353    -1.599615    -0.564016    -1.734840    -1.006550    -2.130869    -0.945099    -0.724062    -1.450460    -0.356402    -1.005955    -0.859149
    2.280436     0.980096     0.948511     0.945197     2.023968     0.913663     1.862659     0.736131    -0.032228     1.210582     0.776874     1.234114
   -1.263254    -1.350093    -0.828096     0.463381     1.221184     0.633498    -1.393997    -0.379271    -0.443764    -3.302933    -1.211190    -1.048170
   -0.656738    -0.596613    -0.591705     1.509020     1.712578     1.721738    -0.170161     0.763245    -0.083189     1.465386     0.345102    -0.223452
   -1.153664    -1.085746    -1.231020    -0.559256     0.540714    -0.680654     1.500384     0.199801     0.651988     2.727738     1.456525     1.490576
   -0.232167    -0.666145    -1.029769    -1.846162    -1.809963    -1.416313     0.599286     0.773189     0.493555    -0.999674    -1.107325    -0.637106
    1.871222     1.760420     2.298836    -0.879049    -0.567802    -1.196506     2.152845     0.902591     2.071577     0.077703    -0.612478    -1.027056
   -0.935758    -0.860114    -0.858652    -0.168223     0.846445    -0.856563    -0.980653    -0.910190    -0.785984    -0.644807     1.352622    -0.692039
   -1.379374    -0.688310    -1.322004    -0.564392    -0.044841     1.034523     1.552643     0.502645     2.094432     0.274950     1.049464     0.684725
    1.492708    -0.048522     0.013870    -0.644669    -0.781922     0.618715     0.812272     1.268310     0.649066    -2.114498    -1.695221    -0.411113
    0.070401    -0.577302     0.106841    -3.074630    -1.830329    -1.526516    -0.277312    -0.310346     0.760324    -1.760102    -1.262881    -2.045086
   -1.618521     0.009004    -0.654231     0.602541     0.055076     1.925667     1.088117     0.300394     0.144785    -0.074295     0.355011    -0.726686
    2.288825     1.247961     0.770286    -0.322234    -0.548243    -0.670623     1.671746     1.292482     1.030195     1.806307     1.730886     0.972270
    1.497108     1.626267     0.006775    -0.400280    -0.130697     0.625894     0.254208     0.694484     0.054684    -0.408145    -0.137474    -0.344329
   -0.864206    -2.272229    -0.933687    -0.539074    -0.321933    -0.041890     1.466118     1.197831     0.638973     0.166796     0.764592    -0.779343
   -2.467994    -0.704802    -2.071660    -0.244495     0.879659    -0.185654    -2.221970    -0.889135    -0.701879     0.405851    -0.055099     0.158989
   -0.194479    -0.073349    -0.598579    -1.346441     0.724666     0.301066     0.042428     0.641889     0.288908     0.147131    -1.382035    -0.840492
   -1.336132    -1.211471    -0.636833    -0.210751     0.032649    -0.867027    -3.313320    -1.080950    -1.868512     1.947512     0.352424     1.253006
   -1.794267    -1.230577    -1.177671    -0.724060    -0.092126     0.413196    -2.248285    -1.416542    -0.936584    -3.071434    -2.575983    -2.174497
    1.822938     0.046787    -0.096836     1.701980     1.197760     0.791488     1.048744     0.036394     1.191605    -1.167048    -0.519635    -1.560564
    0.192247     0.344816     0.301410    -0.358780     0.147108    -1.180193     0.616586     0.765498     0.901437     1.169958    -0.332929    -0.491883
    0.016148    -0.283156    -0.026854     2.035572     1.307749     0.676767    -1.486619    -0.436041    -1.547262    -0.155179    -0.138209     0.200739
   -0.726268    -0.413529     0.094019     0.019378    -0.105530     0.234881    -1.176581    -0.332587    -0.828803     0.151180    -0.337660     0.302679
   -0.123625    -1.158632     0.115911     2.284730     0.578498     0.104221     2.884762     1.575386     0.674660     1.141384     0.351309     1.179954
   -0.988578    -1.579744    -0.764814    -0.945155     0.847307    -0.013563     1.255251     1.654991     1.340110    -0.078483    -0.238318     0.174918
    0.442533    -0.043835     0.142645    -0.865285    -0.376529    -0.727993     1.303673     0.667847     0.003391    -0.641261    -0.250708     1.438175
   -2.153390    -0.312594    -0.649530    -0.720633    -1.470472    -0.454913    -0.780659     0.102930     0.022219    -0.939434    -0.863291    -0.865891
    0.494797     0.386587     0.874842     0.069632    -0.172890    -0.362826    -2.350366    -0.912933    -1.778484    -1.160299    -0.350000    -0.337735
    1.197232     1.711296     1.086349     0.290178    -0.279563    -0.965570    -0.000970     0.414973    -0.437561     1.671696     0.532322     1.725996
   -1.157569     0.600927    -1.344349    -1.645217    -1.294410    -1.390144    -2.487989    -2.237318    -2.978946    -0.785639    -1.063194    -0.953134
   -0.207800     1.200768     0.847451    -1.765051    -0.697323    -1.343995    -0.787963     0.376488    -0.180413     0.117620    -0.311971     0.248724
   -0.446699    -0.637398     0.229785    -0.481583    -0.444872    -0.242271    -0.037137     0.123444    -0.052024     0.167783    -1.161277    -0.176726
   -1.393463    -1.166726     0.966246     0.806578    -0.547968    -0.331651    -1.464411    -0.635021    -0.664289    -0.476813    -0.690963    -0.476956
    0.021760     0.727972    -0.514816    -0.606311     0.303720     0.250376     0.134519     0.120610     0.156761     1.765970     0.536640     2.444197
    0.081610    -0.705790    -0.609495     1.862688     0.765566     1.275565    -0.401969    -0.083806     0.445940     2.605696    -0.235780     1.024807
   -0.396733    -0.539471    -0.568151    -1.039987    -0.086124    -0.572518    -0.610848     0.112080    -0.984246    -0.665237    -0.323875    -0.139430
    0.002338    -0.703197    -0.907702    -1.435178    -0.806132    -0.740637    -1.704736    -0.307246    -0.137021    -1.882084    -1.515679    -0.377354
    0.558285    -0.228878    -0.756906    -1.295274    -0.693478    -1.301939    -0.629277    -1.155712    -0.485555    -1.911285    -0.151475    -0.435327
   -2.216537    -1.824106    -0.884871    -3.082156    -3.341601    -2.043129    -0.709873    -0.426404    -0.458951    -1.307777    -0.911987    -1.386690
   -0.374531    -0.254356    -0.526763    -0.159629    -0.801852    -0.228141    -1.337989    -1.663268    -0.934588    -2.210609    -2.015887    -1.062881
   -0.996079    -1.062683     0.397089     0.003472     0.057428    -0.543938    -2.287494    -1.266495    -1.574900     0.347822     1.350274    -0.664395
   -0.689269    -0.100790    -0.731107     0.589183     0.126967     0.118978    -0.193670     0.754827     1.210789     1.636061     0.077400     0.294462
   -0.191850    -0.399285     0.095316    -0.610572    -0.890019    -0.239506     0.704263     0.303043    -0.390153     1.412964     0.241346     1.462184
   -1.057246    -0.083395     0.415227     0.319131     0.379708     0.172719     0.652893     1.091163     0.356049    -0.786752    -0.654998    -0.869948
   -0.997388    -0.201512     0.076208     2.197626     1.005720     1.859643     0.765763     0.146837    -0.246619    -2.423984    -0.468545    -0.758816
   -2.597294    -1.641225    -0.803799    -0.807895     0.311162     0.037304     0.249124    -0.519434     0.863040    -0.280478     0.334097     1.417627
    1.690579     0.604895     1.154616    -0.544509    -0.946256     0.500994     2.469570     0.333878     2.063161     1.786280     1.004253     1.648468
    1.244439     1.059031     1.445022     3.214363     1.557396     1.771264     1.991628     1.364209     0.819448     0.280004     0.290037     0.101481
   -2.162717    -0.175723    -1.029201    -0.808766    -1.857092    -1.390879    -1.231328    -1.002453    -1.407080    -0.633879     0.057047     1.096600
    1.169765     0.702269     1.875132     0.539013    -0.677916    -0.020951     1.638240     0.914110     1.296975    -0.606104    -0.555126     1.175412
    0.215757    -0.411781    -0.013417    -0.583835    -0.605229    -0.972120     1.823867     1.399407     2.601491    -0.725734    -0.835927    -0.129572
    0.777706     0.618425     0.648785    -0.391631    -0.647138    -0.259091    -0.251673    -1.867358    -0.817856    -0.499690    -0.619798    -0.080594
    0.055113     0.470495    -0.451778     1.306844    -0.065152     0.041840    -1.525823    -0.984468    -0.162045    -1.703217    -1.921025    -0.387636
    0.273984    -0.429495    -0.934475     1.240587     0.973195     0.227864     1.290157     1.368339     1.123176     0.738926     1.178866     0.411471
   -2.213741    -0.831351    -1.428528    -0.927966     0.129763    -0.440549    -2.050863    -0.694366    -1.460820    -0.613588     1.044720     1.118423
    0.023425     0.065121     0.391440     1.881875     1.247680     0.925890    -1.191907    -0.577815     0.422575    -0.854686    -1.478614     0.803369
   -0.078642    -0.672535    -0.258728    -1.251125    -0.249226    -0.663487    -0.462802    -0.296771     0.990810    -2.317444    -1.258209    -1.462063
    0.286997    -0.628825     0.017975     1.531848     1.249688     1.441165    -0.160011    -0.781682    -1.453385    -2.080787    -0.646334    -1.048248
   -0.291850    -0.414271    -1.054083     0.352348     0.938721    -0.164090     0.522399    -0.582506    -0.010934     0.884738     0.863753     1.464843
    1.669717     1.531937     2.089954     2.594453     0.517558     1.551295    -0.328399    -0.801796    -0.012965     0.328720     1.739721     1.243136
    2.952566     2.290316     2.660290    -3.146164    -1.641051    -0.638555    -2.306761    -1.815722    -2.223856    -2.033156    -1.836984    -0.222291
    0.691887    -0.918777    -0.607687    -2.506083    -1.744052    -1.885214    -0.703302    -0.421101    -1.361211    -0.803166    -0.646692    -0.448068
   -1.120800    -0.133942    -0.594620     0.153929     1.022083     0.123597     0.568610     0.476500     0.655914     0.648930    -0.165574     0.380664
   -2.182888    -1.703097    -1.367922     0.213909     0.262162    -0.305797    -1.348212    -0.916642    -0.826319    -0.603425     0.240648    -0.195755
    1.199097     0.362040    -0.164789    -0.543012    -0.463203    -0.962809     0.740209    -0.173990     0.472757     0.471072     1.890247     1.664534
    1.738239     1.573243     1.022209     0.433913     0.452774    -0.699051    -1.198457     0.479094    -0.313041     3.122711     2.070331     0.680604
    1.073570     0.986645     0.947030     0.257628     0.563408     0.367361    -0.247807    -1.563550    -1.746075     1.132822     0.669148     0.484363
   -0.339400    -1.191452    -0.705824    -1.137309    -2.111921    -1.481096     0.446109     0.428782    -0.736777    -0.198634    -0.413441    -0.506159
    3.230648     2.507831     2.639000     2.604897     1.167469     1.937651     0.968312     0.328788     1.460877     1.930020     2.178327     0.580630
    0.467217    -0.643014    -0.164324    -1.724165    -1.006921    -1.649459    -3.159996    -1.853624    -1.387234    -2.345365    -0.947710    -1.706403
   -0.774076    -0.678857    -1.030345     0.689031     1.407993     1.039591    -1.123470    -0.350752    -0.296887    -0.725203     0.008791    -0.657954
   -0.313066    -0.433049    -0.456654     0.406869     0.772228    -0.683751    -1.678950    -1.298624    -0.626612     0.041058    -1.376479    -0.170209
   -0.782413    -0.594094    -0.530732    -0.354547    -1.013713     0.494652     1.958012     1.266091     0.519291    -1.434904    -0.524966    -0.891043
   -0.075303     0.275112     0.244178     0.627916    -1.267266    -0.957368     1.109986     0.960912     0.958276     1.932924     0.943263     0.942610
    0.067886    -0.202563    -1.052735     0.141602     0.244651    -0.507904     1.171840     0.218777    -0.546273     0.829057     1.028747     1.295419
    0.954150     0.265285     1.162633     0.642632     1.260449     1.090461     0.200335     0.195257     0.049052     0.542783     0.475399     0.161565
    1.254092     0.962738     0.522021     1.236362     1.758462     0.852433    -0.172872     0.250790    -0.015971    -0.090811     0.142859    -0.132897
   -0.050643    -0.144146     0.494316     0.302452     1.915061     1.168280     0.612395     0.842214     0.849845    -0.579993    -0.664424    -0.978696
    0.115946     1.010761     0.007286     0.047371     0.450133     0.832399     0.976756     0.750243     0.807937     1.921844     1.115043     0.119055
   -0.587808    -1.507803    -0.491502     0.184435     0.634600     0.943431    -1.459533    -1.122888    -1.950664     1.043445    -0.357985    -0.508358
   -2.535125    -2.389262    -2.044512    -0.971318    -0.356681     0.353842     1.014433    -1.093043     0.452797    -1.745196    -1.613394    -0.383616
   -1.728352    -0.591829    -0.154981     1.026319    -0.175786     1.177719    -1.276095    -1.266099    -2.003602    -1.153767    -1.475184    -0.971993
    0.558072     0.666695     0.179287     0.423132     0.223329    -0.461304    -1.693619    -1.211429    -0.916142    -0.574383    -0.728619    -0.994198
   -0.227937     1.720221    -0.164001    -0.346104     0.348485    -0.848940     1.052784     0.633298     1.169604     1.202164     0.533843     1.165859
    2.546405     1.291791     0.535997    -0.254524     0.909144     1.670014     1.093589     1.656759     1.369428     0.774892     0.735063     0.659340
    2.842503     2.116385     1.481275    -0.430646     0.206737    -1.301052     0.904499     0.635995     0.357743    -0.253346     0.064493    -0.211032
   -2.992887    -1.989541    -1.610904    -0.897430     0.777947    -0.248139    -0.689672    -1.183639    -0.222714    -1.143532    -1.800538    -1.036318
   -1.447454    -0.105630    -1.141160    -1.839305    -1.412865    -1.485370    -0.711978    -1.075838    -0.800951    -2.011204    -1.029578    -2.226857
   -1.470162    -0.691227    -1.356347     0.752084    -0.042278     0.808288     1.261220     1.388345     1.106702     0.323279     0.372382     0.727317
    2.136966     1.370529     1.811703     1.500536    -0.235022     0.890403     1.912084     1.505006     0.841553     1.531088    -0.344800     1.092107
    2.593528     1.290782     1.403236     0.670524     0.680095    -0.426772     1.359075     1.453461     0.492932    -1.543541    -1.256359    -0.085935
   -0.388732    -0.285621     0.191645     1.211830     1.108160     1.434737     0.896274     0.101188    -0.095568    -0.219540    -1.197330    -0.184621
   -0.129742    -0.993794     0.026318    -1.558621    -1.390930    -0.640965    -0.798222     0.236915    -0.040691    -0.323016    -0.390854    -0.207259
    2.468871     0.895211     2.213587     1.727765     0.373963     0.626665     0.038161    -0.580851     0.179203     0.839578     1.013941     1.206953
    0.806618     1.441264     0.805163     1.686958     1.178614     0.417895     1.090913     0.179550     0.337037     2.651907     1.923380     0.958234
   -2.472587    -1.942080    -2.081899    -0.476526     0.799178    -0.306760     1.235366     2.169576     0.995853    -2.247534    -1.093621    -0.302518
   -1.499845    -1.354197    -0.924449    -2.410935    -0.025370    -1.828719    -0.750144     0.120782    -0.455058    -1.836825    -2.578666    -1.247236
   -2.769408    -0.877439    -0.563742    -1.355104    -2.071203    -1.162995    -0.829890    -1.130012    -0.809001    -2.139695    -2.154938    -1.593075
   -0.153488    -0.370283     0.631482    -0.792985    -0.343115    -1.202650    -1.829558    -2.455583    -1.443469     0.249005    -0.542662    -0.966799
   -1.115367    -1.835514    -1.362079    -1.921481    -1.429472    -1.271172     3.474120     1.538095     1.096159     0.322738     0.400412    -0.591511
   -1.947069    -1.234424    -2.107676     0.407957     0.481453    -0.357849    -1.154715    -0.609376    -1.506443     1.938974     1.117259     0.479320
    1.793724     0.663387     1.428869    -1.164215    -0.892376    -0.122469    -1.848915    -0.554001    -0.108147    -0.606220     0.324772     0.150125
    0.244371    -0.163006    -0.370173     1.304949     0.678067     0.163051     1.795669     1.916170     0.928478     1.995108     1.426193    -0.155301
   -0.164537     0.953631     0.676511     0.775151     0.635113     0.593453     0.072275     0.970755     1.192311     0.772014     1.119373     0.344915
    0.617703    -0.360250     0.518930     0.095359     1.151648     0.658557     0.431517     0.434303    -0.442242     2.107105     1.107829     0.770191
    0.310187     0.039821    -0.063625     0.836328     1.415648     0.160911     1.819009     2.372987     1.366753    -1.079112    -0.226349    -1.563280
   -1.764899    -1.800728    -1.716236     0.029128     0.603544    -0.703588    -2.106325    -1.191460    -1.910591    -3.292463    -2.335111    -1.336762
    1.318717     0.123985    -0.281628     2.715161     1.497470     0.889728     4.158146     2.030115     2.924780     2.641163     0.731953     1.087989
    0.047832    -0.696082    -0.497908    -0.823886    -0.357772     0.575550     1.660317     0.916180     1.750681    -0.350647    -1.346014    -0.231724
   -0.356482    -0.557243    -1.199274    -0.681371    -0.601077     0.091998    -0.309018    -0.307178    -0.867410    -2.701617    -0.582796    -0.697477
    0.128010    -0.009752     1.004141    -0.120304    -0.692207    -0.725071    -2.450378    -1.085417    -0.677167     2.185832     0.892324    -0.007091
   -1.086650    -1.027627    -1.342372    -0.823955    -0.309937     0.185784    -1.195364    -0.160403    -0.555324     0.195738    -0.296536    -0.616891
   -0.560661     0.356700    -0.307442    -0.540958    -0.603612     0.048347     0.079024     0.610919     0.579392     1.004400    -0.045188     1.777102
   -1.302739    -1.078609    -0.751340     0.510662    -0.245769     0.945501     1.944856     0.709584     1.211345     1.476228     1.434486     1.636796
    0.577007     0.186985    -0.562540     1.512382     1.164677     0.357719     3.204739     2.793036     1.753754     2.454677     1.167997    -0.250376
   -0.956207    -1.041273    -0.446939     0.628757     0.597461    -0.395432    -1.278334    -0.976863    -0.486839    -1.674059    -1.017991    -0.923815
    1.439243     0.314515     1.501668     1.578461     1.399290     0.837650    -0.251867    -0.615290    -0.158088    -0.695679     0.533245    -0.640792
   -0.661854    -0.926415    -0.324260     1.026981     0.872786     0.870438     0.403733     0.104959     0.556379     0.849793    -0.604334     0.951012
   -0.913964     0.455933     0.581549     0.038827     0.260416    -0.089533    -0.637390    -0.362288    -0.192674     1.464810     1.966075     1.294879
   -1.430245    -0.790184    -1.038201     0.712428     0.153963     0.745000    -0.794025    -0.956889    -0.513089     1.438394     0.613351     1.337004
   -1.507598    -0.848579    -1.912380    -2.746700    -1.783033    -1.953673    -3.597870    -1.643968    -1.758050    -0.582095    -0.795218    -0.960174
    1.473078     1.070721     1.591253    -0.182569    -0.014472    -0.194810     2.389707     1.184277     1.076153     0.522939     0.763829     0.854074
    0.291870    -0.289914     0.459121    -0.199302    -0.534555    -0.957195     0.338072     0.623979     1.173217    -0.657238    -0.826324    -0.093622
    2.505384     2.549148     1.008642     2.516697     1.296304     1.271530     2.385320     0.460040     0.796472     1.357267     0.716135     0.355509
    0.562942     0.508899     0.670465     0.025403    -0.366836     0.587296    -0.518129    -0.327110    -0.237504    -1.815714    -2.086172    -0.351526
   -1.857823    -0.770205    -1.385676     1.082939     0.317807    -0.915459    -0.124718     0.058052     0.362727     0.341220    -0.248952    -0.105445
    1.143570     0.639563     0.755179     1.049469     0.379946    -1.038139     0.389718     0.027888    -0.229035     0.481368     0.823105    -0.292709
    0.086792     0.442596     0.533934     0.293437    -0.063987     1.274806    -0.399196    -0.477869    -0.040163     0.975386     1.019619     0.136557
   -0.069798     0.038966     0.571892     2.039716     1.890574     0.394744     0.864055    -0.484544    -0.383210     0.930860     0.801955     0.683160
    0.928945     1.188305     0.542504     1.273568     0.913029     1.897424     0.980663    -0.130450     0.783081    -1.729892    -1.208210    -1.393533
    0.936938     1.744076    -0.708572     0.108254     0.004747     1.004478     1.447027     0.366132     0.933368    -3.061455    -2.623855    -2.140712
   -0.242109    -0.018618     0.142652     2.416735     1.355339     1.644521     0.585073     0.367311     0.749206     2.127245     1.578455     0.931015
    0.043202    -0.783516     0.022345    -1.222768    -1.402324     0.035647    -0.081907     0.014255     0.630841    -0.622725    -0.518038    -0.093916
    0.377346    -0.424385    -0.005769     1.980931     0.616166     0.295279     1.843172     1.536363     1.777587     1.709127     0.268742     1.147611
    0.516567     0.010904    -0.783232     0.763846     1.337911     1.278252    -0.194760    -0.252236     0.084994    -0.832506    -1.729465    -0.809249
    0.611652     0.449133     0.355287     0.175081     0.385026    -0.146200     0.887566    -1.292167    -0.141636     1.666794     0.867657     1.242532
   -0.038100     0.550369     1.033359     1.703124     1.741866     1.921145     0.560935     0.365000     0.168811    -1.747632    -0.088004     0.124830
    0.417450    -0.849990    -1.348231    -0.845962     0.564243     1.045966    -0.022071    -0.312622    -0.277479     0.654311     1.621867     0.053150
   -0.701608    -0.170126     0.262401    -0.704676    -1.445895    -1.098054    -1.274555    -0.633346    -0.327082    -0.645842     0.221691     0.621805
    0.569106     0.273191    -0.551883    -0.162101    -0.243325     0.073228    -0.710436     0.378596    -0.226796    -0.956617    -0.487675     0.682015
    0.830468     0.333836     1.356306     0.163826    -1.154155    -0.272610    -0.779441    -1.519140    -0.865661    -0.772129    -0.376838     0.106053
   -0.622182    -0.661163    -0.025601     2.073192     1.851805     0.265034     0.549481    -0.131584     0.464778    -1.150332    -1.756791    -1.389238
    0.984337     0.791937     1.847113     0.326049     0.245585     0.589586    -1.566282    -0.312716    -0.514390     0.561908    -0.026548    -0.704918
   -0.928601    -1.030352    -1.196399    -0.509347     0.250064     0.692510    -0.588552    -0.629767     0.245462     0.332002    -0.044419    -0.106182
   -0.217238     0.377729    -0.709166    -0.385016     0.453129     0.683138     0.502588     0.819263    -1.010640     0.299613     0.120011     0.794271
   -0.739197    -0.303364    -0.425330    -0.384769     0.722980    -0.098653    -1.051113    -0.793620     0.213047    -1.307013    -2.081586    -0.756883
   -2.570214    -2.616107    -1.310355     0.985212     1.299754     0.958968    -2.195358    -1.002206    -0.644096    -0.925021    -1.577247    -0.966034
    1.891655     1.405081     1.296862     0.674281     0.176652     0.495308    -0.197459     1.332262     0.754465    -0.003487     0.738070     0.556141
   -2.060064    -1.100645    -1.946363     1.489694     0.864231     0.634507    -0.331100    -1.485377    -0.955015     0.877118     0.866124    -0.026545
   -1.152341    -0.398002     0.129538     1.867206     0.854888     1.105771     1.956848     0.652820     1.266389     1.124086     1.130873     1.083784
    0.890390     2.361156     1.285024     3.534140     1.809337     1.751096     1.729262     1.364475     1.153528     0.107764    -0.121091     0.695563
   -1.718207    -0.465716    -0.194401    -0.164047    -0.284130     1.839354    -1.610398    -2.094900    -1.739010     0.904940     0.316512     0.715521
   -0.649901     0.406469    -0.092607    -1.722209    -1.327153    -2.388310    -2.903025    -1.580577    -1.154218    -1.118022    -0.647459    -0.358609
    1.273477     0.581001     0.593524     1.538387     1.616631     2.483630     1.746733     2.318080     1.886490    -0.262694     0.849393     0.283469
    0.193999     0.433814     0.394481     0.487363     0.060665     0.196234    -0.947936    -1.117344    -0.812307     0.752322    -0.162710     0.319428
    0.775507     0.486092     0.494955     0.159622     0.026141     0.327254     0.618703     0.815472     1.217065     0.408738    -0.062647    -0.363428
   -0.259586    -1.280984    -1.047677    -0.978050    -0.651389    -0.339205    -0.227844     0.097214    -1.447892    -2.249220    -0.636200    -0.121601
    1.077166     0.859934    -0.778011     1.669980     1.303046     2.953169     0.375076     0.798552     0.195910     0.814934     0.500852     0.252141
    0.234922     0.540523    -0.651901    -1.405255    -1.708564    -1.127220     1.410605     1.787496     1.783053     0.238724    -0.028984     0.210511
   -0.974047    -0.347096    -0.964036    -1.158013    -0.682676    -1.793168    -0.792407    -1.933026    -0.872741    -0.004264     0.860061    -0.069608
    0.443096     0.888560     0.631625    -0.438324    -0.219996    -0.042264     0.730794    -0.524714     0.536615     0.772238     1.926613     1.419488
   -0.760732    -0.878061    -0.302117     0.370601     0.304314    -0.024313    -3.338647    -3.111615    -2.978129     0.414291     0.398135     0.049506
   -0.447708    -0.193940     0.142565    -0.086775    -0.648242     0.416394    -0.167802     0.303786    -0.905974     0.500239     0.242386     0.518870
   -0.559152    -0.441011    -0.524625    -0.648030    -0.634066     0.092871     0.681558     1.075966     1.298218     0.394524     0.493754     0.864363
   -0.080764    -0.339010     0.016180     0.741627     0.766602     0.858167     2.371906     0.784987     0.833928     1.645183     1.462235     0.960518
    1.095973     1.557285     1.073523     0.433792     0.363822    -0.281406     0.234457     0.308457     0.013958     0.985690     1.574889     0.322991
   -0.305461    -0.401245    -0.334217     0.602920    -0.186847     0.782704    -0.990790    -0.316684    -0.039171    -1.198886    -0.329489    -0.161537
   -0.694319    -0.787789    -0.390360    -0.440646    -0.028888    -0.797114     1.230647     1.145530     1.139538    -0.047503     0.304922    -0.067955
    0.090113    -0.209408    -0.430317    -1.022806    -0.412662    -1.080864     0.576076    -0.641417    -0.843417    -0.237392    -0.156904     0.306098
    2.331724     2.586786     0.406853     0.521579    -0.136249    -0.083106     0.699195     0.601901     0.007327    -0.902282    -0.304850    -0.792323
   -0.526497    -0.512875    -1.639254    -0.920047    -0.837472    -0.717211    -1.593449    -1.066076    -0.986408     2.615592     2.292028     2.527569
    0.977625     0.066469    -0.139443    -1.025986     0.252238    -1.525308     0.660227     0.282663    -0.167157    -0.237766     0.090192     1.009844
   -0.197318    -1.617130    -0.725616     1.167542    -0.080637    -0.003462    -0.815144    -0.656876    -1.619386    -2.223845    -2.392324    -1.639006
    2.639376     2.749943     1.718676     1.277499     0.637268     1.894720     0.603867     1.043444     1.002410     1.052435     0.710797     0.426023
   -0.591655     0.028396     0.757480    -0.632708    -0.527815    -0.201812    -0.876635    -0.622854    -0.211985     0.478579     0.371992     0.203350
    0.472897    -0.279347     0.798634     1.158428     0.302801     0.398624     0.600130     0.501619    -0.064368     1.729299     2.345128     1.004607
    1.243811     1.409848     1.359337     1.115590     1.314427     1.630213     3.416292     0.934754     2.079482     1.801722     1.109156     0.864973
   -0.116011    -1.378593    -0.902755     0.545008     1.492445     0.229018    -2.166557    -0.494754    -1.224894    -1.015812    -0.058265     0.306562
   -0.655742    -1.529299     0.980707    -0.086755    -0.292855    -0.065650     0.130600    -0.426030    -0.593557    -2.739305    -1.234714    -1.207320
    1.144164     0.773093     0.203126    -0.305985    -0.425703    -0.278642    -0.843454    -1.018832    -0.113676     0.160264    -0.628355     0.720469
    0.141044    -0.019367    -1.261715    -0.710553    -0.092804    -0.015322     0.400403     0.151640    -0.372618    -0.739008     0.009642    -1.354913
   -0.742131    -0.362797    -1.293589    -0.149784    -0.114951    -1.405594     2.029970    -0.006159     1.206344     1.830487     2.390648     2.637162
   -1.498526    -0.100306    -0.909315     1.689388     0.062451    -0.378104     1.118301     1.612430     0.032263     0.767169     0.406100     1.130441
   -1.532066    -0.872921    -0.920761    -0.228001     0.484171     0.093958    -2.932463    -0.899905    -1.557960    -1.388497    -1.337784    -1.225024
    2.571252     1.583213     0.917979     0.712656    -0.194260    -0.937020    -0.095638    -0.956923     1.072957     0.605549    -0.781194    -0.737447
    1.242027    -0.421799     1.105777    -2.683395    -0.039043    -1.198368     0.371269     0.083523    -0.513186     0.590019     0.028846    -0.087358
   -0.694469    -0.602526    -0.495985    -0.606694    -1.037748    -1.009830    -0.680961    -0.176639     0.522068     0.850122     0.813287     0.865041
    1.305815    -0.084349    -0.350970     0.904488     0.463300    -0.230243     0.778747    -0.097704     0.015778    -1.099544    -0.046233    -0.559035
   -0.108324     0.376820    -0.572104    -1.217563     0.781388    -0.607101    -0.489570    -0.958221    -0.890374    -2.088350    -0.236836    -0.576265
   -2.095480    -2.541870    -1.264315    -1.235614    -0.293480    -0.032964    -1.238232     0.372310    -0.731728    -2.136231    -1.050718    -2.040081
   -0.912897    -0.284162     0.503382     0.398240    -0.041680    -0.026388    -0.761243     0.493277     0.296644     2.237686     1.356779     1.086719
   -0.523665    -0.594563    -1.231474     0.773680     0.482816     1.078551     0.832531     0.789283     0.423710    -1.777253    -0.555816    -1.221979
    0.811375     1.461103     0.579770    -0.334318    -0.277288     0.944180     0.338560     1.176131    -0.123425     0.799825    -0.073843    -0.363020
   -0.627253     1.350434     0.248092     0.245454    -0.143697     0.994505    -0.233105    -0.777223    -0.481001    -2.673575    -1.472854    -1.681437
   -2.636067    -2.035070    -1.199539     1.065064     0.824057     0.412955    -0.339911    -0.009349     0.168206    -2.282668    -2.016895    -1.304316
    0.674737     0.830883     0.948113     2.169663    -0.161482     1.047836     3.415688     2.617371     1.415965     2.534294     2.013639     2.055292
   -0.665122    -0.052718    -0.380115    -2.543436    -2.324668    -2.217518     1.166115    -0.266268    -0.044661    -0.264555    -0.017231    -0.880309
   -1.512929    -1.117397    -1.841018     0.384875     0.430440    -0.330707    -0.983347    -0.977488    -0.336258    -0.832809    -0.735682    -0.558655
   -0.028175    -0.467299     0.031956    -0.000011     0.497123    -0.449980     1.705886     1.654201     1.843154    -0.680802    -0.221788    -0.586987
   -0.920874     0.071776     0.147188     2.670573     2.139019     0.745470     0.063821    -0.072353    -0.624982     0.275900     0.329346     1.121526
   -0.722279    -0.682769    -0.573583    -2.245558    -1.058275    -0.672805    -1.974968    -1.395127    -1.677514     1.088792     0.728450     1.217014
    1.171736     0.501070     0.159959     0.431607     1.428190     1.415222     1.734988     0.180810    -0.166227     0.791042     0.539523    -1.029541
   -0.218302    -0.036031    -0.561792    -1.979442    -0.304298    -0.399099     0.892619     0.292189     1.131257    -2.283268    -1.486943    -2.095368
    0.616493    -0.181989    -0.039051    -2.191128    -1.256310    -0.402322     0.212815     0.121114     0.236432    -0.198801     0.154747     0.207073
   -0.867294    -0.822795    -0.959639    -0.457036    -0.187913    -0.510795     2.341249     0.718761     0.887817     0.268146     1.080398    -0.236236
    0.019093     0.291946     0.552044    -2.409971    -0.877101    -1.272840    -0.494955    -0.266658    -0.481504     1.609426     0.598399     1.811374
   -0.883519    -0.833769    -0.783952    -1.124882    -0.564640    -0.853054     1.074671     1.091654    -0.534553    -1.928704    -1.623434    -1.716029
   -0.253050     0.915225    -0.924024     1.456506     1.759949     2.267740    -0.257160    -0.307275    -0.894877     0.791648     0.275701     0.202863
    1.949885     2.096263     1.239454     0.231042    -0.086831    -0.702207     1.981428     2.052509     0.398810     1.604950     2.119706     1.144875
    0.594047     0.544455    -0.370312     0.152578     0.577022     0.729880    -2.196459    -0.323812    -1.066200     0.944318     0.404262     1.051347
    1.357511     0.108751     0.656932    -0.706272    -1.280296    -0.844467     0.386691     1.171271    -0.127763     0.227212     0.489730     0.298611
   -0.223673     0.134668    -0.283088    -2.819613    -1.953747    -2.405696    -0.536091    -0.769157    -0.251546     0.813314     1.696486    -0.194508
    1.271218     1.254321     1.242456     1.853720     1.960680     0.444921    -0.301872    -0.728459     0.386777     0.212395     0.183887     0.515751
    0.844495     0.541995    -0.118169     1.055589     2.138843     1.564767     1.094897    -0.059958     0.484990     3.198537     1.080936     1.425451
    1.642394     2.264328     1.148341     0.018987    -0.159312     1.736371    -2.415353    -1.699906    -0.725269     0.274033    -0.280590     0.207876
   -0.494549    -0.520403    -1.160890     1.226021     0.626458     0.606359    -0.187003     0.073267     0.659259     0.473150     0.681019     0.121024
    1.974159     1.969126     1.518512    -0.094925     0.056385    -0.352611     1.248685     2.127898     1.123005     0.972615     1.073696     0.047532
    0.067432     1.368369    -0.376166     1.703123     1.131910     0.434191     0.923011    -0.245243    -0.029913    -2.353135    -1.271976    -0.959516
   -1.710470    -1.088940    -1.247615    -0.649939    -1.651689    -0.529336    -0.865870    -0.654542    -0.701048    -2.031216    -1.789482    -1.499274
   -1.163647    -0.241535    -0.502497    -2.457822     0.312623    -1.248375    -0.388149    -1.188694     0.313001     0.710518     0.210989     0.323374
   -0.624755     0.390610     0.448970    -1.114205    -0.190754    -0.934448    -0.736456    -0.146828    -0.576340     0.143878     0.058501     0.533049
   -0.157876    -0.644271    -0.482097    -1.409776    -1.686265    -0.685195    -0.319839    -0.996119     0.374236     0.337292     0.516775     1.115950
   -0.620505     0.317053     0.492424     1.000355    -0.618249     0.751675     0.820406     0.531910     0.608406    -0.331428    -0.868435    -0.284770
    0.015283     0.002556    -1.174026     1.487349     0.891418     2.824660     2.206661     2.188561     1.801588    -1.495001    -0.264196    -0.817896
   -1.124520     0.271020    -0.983599    -0.466162    -0.041633     0.052624    -1.468490    -0.987870    -0.727769    -1.222666    -1.490998    -1.383133
    1.516303     1.183989     0.197605     0.531724     0.425052     0.531182     1.745851     1.619590     1.862759    -0.500353     0.630801     0.542073
    0.354929    -1.434858     0.840131     0.840785    -1.583423     0.652482    -0.121361     0.223895    -1.013921     0.217535     0.334678    -0.642069
    1.476825    -0.143570     1.439668    -0.973475     0.215513     0.775164     0.294808     0.435474     1.131868    -1.407043    -1.324426    -0.990722
   -1.065665    -0.471323    -1.170785     1.990957     0.816380     1.023980    -0.028916     0.183950     0.235543    -2.526646    -1.819429    -3.178346
   -1.485379    -1.136671    -0.054739    -1.066513    -0.848225    -1.300381    -0.332346    -0.552475     0.009722     0.196585     0.316623     0.144015
   -1.304125     0.156488     0.747103     1.066569     1.007368     0.864387     0.655988     0.770537    -0.631933    -0.864570    -0.452033    -0.402000
    0.283419    -0.874133    -0.225957     0.252884     1.027829    -0.237069    -1.317315    -0.750594    -1.106328     2.250203     1.080375     0.939064
   -0.677005     0.564702    -0.123499     1.073414     0.343214    -0.921917    -0.694469     0.030856     0.702008    -0.917720    -0.344462    -0.595333
   -1.587194    -2.018321    -1.083542    -1.541849    -0.829753    -1.901927    -0.982185    -1.057927    -2.308262     0.726901     0.587158    -0.100294
   -1.120254    -1.038821    -0.394463     1.667973     1.751961     1.855508    -0.218136     0.107088    -0.310047    -1.270816     0.331817     0.372175
    0.719992     0.424575     1.289335     2.500176     2.337662     2.050040    -0.213383     0.988728     0.150790     1.575766     0.276314     1.916124
    1.065284     0.911941     0.966931     1.344653     0.153972     1.592631    -0.946052    -0.179764    -0.297560    -2.053315    -1.260322    -0.101940
   -1.946589    -0.745297    -0.721759    -1.422542    -0.896867     0.167776    -0.651849    -0.323523     0.456535    -0.538587    -1.422044    -1.242426
   -1.335736    -1.228587     0.808839     0.558967    -0.695235     0.018901    -1.947722    -0.979440    -0.793208    -1.616892    -1.250025    -2.001294
    0.947251     0.693802     0.684999     1.137024     0.830811     1.424642     0.128007    -0.196103     0.025488     1.636903     0.435879     0.109502
    1.870341     1.168827     0.898434    -1.287234    -1.517554    -1.508084    -0.350283    -1.102971    -1.421026    -0.483836     0.542713     0.147520
   -0.784462    -1.178473     0.108994     1.694443     1.127246     1.410505     1.067578     1.187724     0.179968     1.067027     0.960250     1.375819
    1.171993     0.777624     1.077153     0.467610    -0.182551     1.551461     1.886034     0.235540     1.677818     2.270715     1.228984     1.983025
    0.141276     0.234280     0.362787    -0.631446    -0.921069    -0.257174     1.637337     1.227683     1.530228    -3.115857    -1.410919    -1.680358
   -0.834754    -1.379696    -1.089532     0.737067    -0.726393    -0.491440    -1.673205    -1.159700    -1.353219    -1.580217    -1.222415    -1.196485
   -0.970352    -0.551788    -0.398976    -0.082465     0.138212    -0.439196    -0.414816    -0.240514    -0.183418     0.988878     0.993155    -0.067972
   -0.931220    -0.570531    -0.312866    -0.548391    -0.955010    -0.491244    -2.516779    -1.522981    -1.891401     1.920148     1.017706    -0.113931
    1.221705     0.766690     0.998375     1.351868     1.179381    -0.314768    -1.118434    -0.593700    -1.028487     0.777696    -1.056895    -0.544979
    2.210292     0.969939     1.261055     1.427898    -0.136795    -0.311686    -1.560878    -1.445081    -0.727687    -1.284211    -1.273326    -1.428515
    0.742593     0.741491     0.502801     0.717722     0.403908     0.666244     0.072588     0.119010    -0.359762    -1.078936    -0.596792     0.142629
   -1.723699    -0.935090    -0.979394    -3.340687    -1.724020    -2.461736     0.635241    -0.039603     0.279477    -0.648332    -1.403238    -1.284598
    1.723916     0.796569     1.842753     1.690312     0.589236     0.741347     0.787919     0.523484     0.077438    -0.520935     0.976414    -0.715431
   -0.834706    -0.876233    -1.714140    -0.504780    -0.517556    -1.520239     1.235678     0.068129     0.804348     1.018486     0.339964    -0.599121
    1.077052     0.914078     1.669149     2.434434     1.681563     2.279640    -0.150589     1.021943     0.413140    -1.030722    -0.672442    -1.644155
    0.622887     1.879355    -0.038764    -2.086494    -0.705091    -1.705681    -0.973508    -0.322347    -0.663008    -0.209479    -0.070197     0.434071
    2.070194     0.811340     0.492808    -0.173152    -0.252701     0.644202    -0.737125     0.374895    -0.158633    -0.736024    -0.889527    -0.665325
    1.322494     1.051596    -0.462641     1.545538     2.093108     1.384172    -0.974845    -0.041076    -0.174356     0.402504     1.284542     1.067455
    0.337544     0.406271    -0.179955     1.136989    -0.728039     0.542224    -0.581943     0.469430     0.140913     0.469697     0.748044     0.783932
   -1.556062     0.237520    -0.651758     0.396961    -0.201458    -0.540766    -1.132452    -0.808637    -0.881451     1.167121     1.224036     0.004280
    0.490955     1.441190     0.275295     1.192396     0.274434     0.345950    -0.277150    -0.368975    -0.569323     0.182440     0.960512     0.915584
    1.678805     1.196822     1.877653    -0.123740     0.168246    -0.547601    -0.627092    -0.037628     0.375397    -0.995698    -0.696203    -0.196694
   -1.920512    -1.162831    -0.905529     3.131974     1.625000     1.753195     1.882739     1.867290     1.514894     0.425397     0.324274     1.051771
    0.374072    -0.355743    -0.206432     1.183406     1.033145     2.246751    -1.976267    -2.020814    -1.229046    -2.127142    -0.355841    -0.489537
    1.490524     1.871282     0.484226     4.194324     2.812736     2.809424     0.405249     0.409460     0.842882     1.498948    -0.300283     0.712367
    1.605473     0.635109    -0.417322     0.458956     0.868433     0.800727    -0.925140    -1.680782    -0.761003    -1.275908    -0.914745    -0.496642
    0.232848     0.674983     1.690825     1.370816     0.505190     0.252566     1.157357     0.599659     0.395974    -0.746238    -0.359151    -0.258146
    3.222629     2.338015     1.397602     0.544052    -0.033133     0.109152     1.196043     2.068045     0.516910    -1.471708    -1.357252    -1.205241
   -2.533483    -1.357918    -1.465008    -1.663651     0.056202     0.392758     0.840459     0.681543     0.297927    -1.196202     0.356829     0.076716
   -0.433466    -1.011827    -1.328561     1.721738     0.625370     1.576676    -1.522112    -0.145289     0.430807     0.476684     1.843979     0.909779
    0.678318     0.385926     0.680944    -0.196205    -0.352766    -0.183879     0.995258     0.732792     1.002389     0.906685     1.344301    -0.046987
    1.074260     0.859471     0.704938    -0.448579     0.731269    -0.503498     0.505209     0.438877    -1.216250    -0.228838     0.563348     0.052669
    1.702535    -0.317488    -0.635268     3.228002     1.959747     2.530205     0.273913     1.012622    -0.262777     2.882088     2.780347     1.429595
   -1.865027     0.305633    -0.115850    -0.682102    -0.350317    -0.579489    -0.709395    -1.416933    -0.057257    -1.969266    -0.430735    -1.200942
   -2.513969    -1.501053    -1.892648    -0.261169     0.119042    -0.587347    -1.013683    -0.065921    -0.896384     0.370924     0.120313    -0.446302
    0.569655     0.667930    -0.307654    -2.172322    -2.061298    -1.594922     1.258813     1.058652     2.173050     0.565605     1.055221    -0.075105
    0.308578     0.187641     1.211493     2.923696     0.865898     0.885421     1.777361     0.679579     0.957588     2.313289     0.909467     0.989088
    1.847563     1.409186     2.444889     3.014040     2.176695     2.290117     0.502338     0.049511     0.780779    -0.047961     0.056405     0.998333
   -0.181687     0.407499    -0.171716     0.665061     0.336977    -0.776092     0.307723    -0.292192    -0.131585    -0.141756     0.424974    -0.777967
    2.395269     1.432586     1.051097     2.096132     1.158838     1.187260     1.961013     1.775688     2.343113     1.175346     0.800574     1.427440
    2.031190     1.031666     0.670493     2.223183     1.607101     0.662352     1.984563     1.233707     1.522013     1.924044     2.496060     2.078310
    2.823815     1.538610     1.038461    -1.363848     0.114400    -0.343444    -1.586968    -2.941803    -0.397341    -0.539897    -0.081653    -0.439210
   -0.158898     0.060173     0.394967    -0.412872     0.080616     0.096506    -2.490028    -2.623596    -1.562208    -0.502777     0.238634     0.390870
    1.206687     0.462790     0.785975     2.914587     2.336093     2.064534     2.493772     1.864462     1.318792    -0.136338     0.605556     0.486055
   -0.366429     0.688851     1.308282     0.890205     0.005307    -0.488291    -1.764462    -1.157925    -1.833269    -0.684785    -0.822428    -1.236870
    0.180019     0.081829    -0.459629     1.913956     1.486508     1.021694     0.352846     0.242800    -0.419827    -1.383997    -0.187607    -0.805006
   -3.366342    -1.585333    -1.984881     0.328234     0.737912     0.061218     0.688095     0.199153     1.060536    -4.794660    -2.534629    -2.462072
   -1.390813     0.265693     0.516076     1.111783    -0.078811     1.128837     0.444105     0.798153     0.389593     0.805226     1.464616     0.791124
    1.760728     0.870179     2.790502    -0.340070     0.094269     0.246495     1.472586     1.231101     1.762659     1.297710     1.521852     0.757972
   -0.324866    -1.575981    -1.441727    -0.870532    -0.679549     0.169276    -0.381759     0.586708     0.183740     1.575851     1.222942     0.004890
    0.967182     0.968769     0.551096     0.335397    -0.823388    -0.307994     1.983345     1.043973     2.070678     1.036558     0.575252     1.630239
    0.835174     0.199090     0.724048    -0.526528    -0.386028     0.169801    -1.189449     0.023803    -0.982429     3.463977     1.947154     2.414448
    1.851040     0.915261     0.498593    -0.765091     0.000830    -0.806086     1.025724     1.275500     0.488682     1.323205     0.211419     1.120262
    0.790952     1.165562     0.668309     0.359871     0.716684     0.052925     1.670214     0.989351     1.152913    -1.479373    -0.848476    -1.266765
   -0.641136     0.336916     0.483094    -0.473353    -0.811524    -0.655289     0.530891     0.025082    -0.849417    -1.702797    -1.109706    -1.354959
   -1.300791    -2.133426    -0.988448    -1.760229    -1.077569    -0.020316    -3.270197    -1.482613    -0.839280    -0.529092    -1.208117    -0.758147
   -3.872995    -2.080220    -1.959216     0.642093    -0.456037     0.438946     0.835729     0.392673     0.498654     0.647580     0.245064    -0.218611
   -0.479442    -0.970061    -0.667930    -2.389398    -0.984428    -1.260957    -2.190372    -2.176001    -1.987418    -0.835343    -0.466906    -0.241384
    0.254723    -0.289500    -0.030140    -1.646364    -1.084993    -0.982716    -0.367585     0.080768    -1.015250     1.208060     0.447399     0.180940
    1.105077     0.639000    -0.101588     0.046777    -0.257557    -0.834262    -0.833266     0.429026     0.427496     0.887169     0.909300     0.765752
    0.415080     0.079329     0.125494    -0.987077    -1.042899    -1.299852    -1.879949    -1.030290    -0.747828    -0.855401    -0.222354    -0.107136
    0.093369     0.677577     1.685642    -0.375359     0.178283    -0.456674    -2.081047    -1.993054    -1.443213    -2.654173    -2.054603    -2.262637
   -1.076766    -1.549685     0.740118     0.674002    -0.013467    -0.422257     0.947245     0.960223     0.829803    -1.745241    -1.294206    -1.903261
    0.758302    -0.264490     0.070027     0.680086     1.125503    -0.114949     0.535971    -0.105218     0.111459    -0.373035     0.405157    -0.116364
   -3.722487    -2.228043    -1.230283    -1.661384    -0.818128     0.188758    -2.698609    -1.433988    -2.641943    -2.187817    -1.322393    -1.563777
   -0.026341    -0.785163    -1.494438    -1.614235     0.083009    -0.353764     1.806681     0.269081     1.123499     1.465164     1.393671    -0.273777
    1.024912     1.027659    -0.447021    -0.532930     0.343738    -0.210686     1.104686     1.184829     1.304104    -2.131794    -0.644788     0.015035
    3.235274     1.325946     2.100992     1.956071     3.701236     2.275403     0.914956     0.620308     0.238503     0.227287     1.024642     0.016600
    0.120220    -0.364331     0.901323    -0.431925    -0.986114    -1.497225    -0.185757    -0.137745    -0.305565    -2.132095    -0.953400    -0.437936
   -0.502134     0.123718     0.200888    -0.782861    -1.124739    -0.131577    -0.004569     0.053312    -0.238121    -0.559145    -0.730624    -0.371646
    0.110198     1.201373     0.057298    -0.593286     0.789448     0.864109     1.231317     0.935857     0.839547     1.172695     0.472031     0.035648
   -0.973704     0.251347    -0.666510     3.037478     1.716945     2.079042    -1.124149    -1.590973    -0.408218    -1.407684    -0.138836    -0.728899
   -2.134012    -0.930581    -1.448227     0.961940     0.556889     1.276235    -1.597209    -1.174565    -0.823611     1.889747     1.457832     0.021307
   -0.359405    -1.014513    -1.156539     2.394938     1.870593     1.346394     1.350747     1.387954     0.810875     2.833183     2.005927     2.279409
    0.091565     0.489987    -0.320109     2.011848     0.540879     0.389710    -0.853082     0.399465     0.814589     1.116122    -0.588722    -0.690549
   -0.022767     0.732923     0.519388     1.473783    -0.005111     0.068873     0.186322    -0.801025    -0.800397     1.780518     1.154750     0.997071
    0.561478    -0.087755     0.000588    -3.014955    -2.741574    -1.455940     0.890006    -0.949554     0.419601    -0.392517    -0.027561    -0.294624
   -1.987162    -0.628829    -0.849714    -0.757039    -0.515566    -0.388062    -0.921483    -1.128975    -0.605495     1.169548     0.247482     0.541955
   -0.747327     0.299345     0.705118    -0.417723    -0.123636     0.427983     0.574676     1.546943    -0.021803    -0.070786    -0.094311    -0.164555
    1.013577     1.168003     0.057490    -0.273189     0.484737    -0.326353    -1.681121    -1.244680    -1.270108     0.298056     0.284538     1.023867
   -0.736738    -0.893375    -0.845946    -1.056891     0.277097    -0.913635     1.855601     0.327884     1.175599     0.660867    -0.470278     0.235883
    1.487021     0.716969     0.630110    -0.436756     0.021734    -0.405867    -0.075105     0.279577     0.496244     3.506884     2.960254     2.625130
    0.914135    -0.176764     0.294924    -0.280004    -0.183805    -0.069701     0.025409    -0.361129     0.318560    -0.740573    -0.236028     0.298511
    0.803478     1.091114     0.467394     2.674272     0.220654     1.529730    -0.150065     0.057140    -0.056391     0.773592     0.291944    -1.297993
    0.282710     0.382225    -0.006901     0.246355     0.063025    -0.177825    -0.161034     0.170758    -0.323332    -0.282619    -0.900569    -0.475009
    2.542312     0.994026    -0.056279     1.383743     1.410482    -0.283493     0.861259     0.451511    -0.175771    -0.867494    -1.693105     0.137410
    0.930883     0.461749     0.085147     0.234019     0.827699     0.684496     0.521364     0.547036     1.235499     1.088483     1.504770     0.587008
    0.039177    -0.015469    -0.208001     1.358530     0.750305     0.475263     2.444232     1.978199     1.947074     0.225816     0.486484     0.406399
   -1.344085    -1.306128    -0.806368     1.470814     1.319863     1.259660    -0.074288     0.415083    -0.448992     0.995745     1.555179     0.056586
    0.234896    -0.753135     0.503699    -0.941246    -1.005378    -1.659790     2.100776     1.096996     1.267621    -0.263158    -0.829418    -0.678131
    0.856798     0.631402     0.886148    -0.227014     0.037699     0.658377     0.283407    -0.238764     1.093591    -2.378555    -2.374025    -1.503729
