   -0.534766     0.099598    -0.886676    -1.244552    -3.492762     1.440821    -0.297817     0.136563     1.702934     2.417703     0.049194     0.436631
    1.581126     2.484509     3.084666     0.908021     2.218116    -0.067297     1.030845     2.202551     1.519597    -0.001517    -0.462807     0.041107
    0.275520    -0.840232    -2.079687    -0.440939    -2.670107    -1.239454    -1.918538    -2.254478    -0.797298    -1.628665     0.997243    -0.586773
    2.109855    -0.286184    -0.531977     1.329126     0.715507     3.715000    -1.371766     0.434495     1.691130    -0.483119     0.478778    -1.034462
   -0.624744    -0.637183     1.508250    -0.915732     0.934784     0.719923     0.119381    -0.157148    -0.955244     0.247082    -0.517265    -0.189909
    1.610424     0.748730     0.210555     0.281040     1.934411     1.859838    -0.835230     3.991278     3.057125    -0.879125     0.169072     1.266834
    1.629417    -1.136774    -0.373676     0.026082     0.844206    -0.645526    -0.202038    -0.831850     0.011596    -0.122229    -1.857860    -0.950860
   -1.132157    -0.775180    -0.632859     3.371558     0.488807    -0.786939     0.574868     0.690261    -0.219147     0.509258    -1.439635    -0.364206
   -1.647729    -1.088077     1.398665     0.131936     0.603402     0.201170     1.683993    -0.069646     1.976271     1.992095    -1.137285     0.500208
    1.341690     0.777250     0.002400    -1.096160    -1.567034     0.216169    -0.194704    -0.317040     1.569603     0.771071     1.184957     2.945294
   -3.258463    -0.276138     0.473598    -0.979088    -0.012914     0.373043    -1.859460    -0.928089    -1.368268    -2.117056    -1.529250     0.072993
    1.996562     3.057970     1.004717    -0.010784     1.012116     0.819836     1.199768     0.840610    -0.867790     0.777959    -1.109013    -0.069875
    2.314986     1.211486     0.399133    -0.071353    -0.159305     1.676182     0.447997     0.397218     1.264805    -0.772968     2.206473     0.498769
   -2.279137     0.148139    -1.309001    -1.514980    -1.068185     0.327824     0.270966     0.668662    -1.535590    -2.362537    -0.013285    -0.981155
    0.609210    -0.039643     0.970880     1.151144     0.242488     1.657490    -2.899011     0.619033     0.211392    -1.679920     0.488359    -1.624260
    2.471303     1.824709     1.783747    -0.963476     0.204228    -0.345272     2.154007    -0.424627     0.032376     1.179386     2.006925     0.784172
    1.281765     0.162017     0.186446    -0.272097    -2.383772    -3.110711    -2.743172     1.381978    -2.450891    -1.549301    -2.114336    -3.411471
    1.110982     1.206160    -0.303110    -2.484852     1.499658    -0.171629     0.623968     0.329756    -1.274630    -0.972722     0.097251     0.474326
    1.499201     1.735510     0.290096    -2.381782    -1.688956    -0.917383    -0.485772     0.800058    -0.873935    -0.744699     1.617412     1.750247
   -0.736470    -1.276442    -2.266316    -0.346738     0.742560     1.137784    -0.575600     1.635760     0.342839    -1.520845    -0.435767    -0.014516
   -0.776927    -0.420842     0.866409     0.369351    -0.241937    -0.287548     0.237046     0.718247     1.295835     0.720438     1.112320    -0.128165
    0.379162     0.241610     1.590933     0.849845     2.428027     1.093980     1.681057     1.487834     2.161177     0.809613    -0.772352     1.960230
   -0.715173    -0.530899     3.115105    -0.850235    -1.206419    -1.373239     0.013725     0.972303     0.581727     0.630779     2.166716     1.269158
   -1.057515     0.069129    -1.591978    -0.875448    -0.586846    -1.656589     0.953819    -0.412974    -1.747426     1.072645    -1.178465    -1.166866
    0.255250    -0.774231    -1.643210    -0.018239    -0.595045    -0.698370    -3.741061    -2.645033    -0.443292    -2.208846    -1.576432    -0.658242
    1.526996     2.381357     0.923703    -0.710803     1.134162    -0.128053     2.574036     2.261326     2.991492    -0.380158     1.025757     0.646630
    0.517789     1.586430     1.631182    -0.661645    -1.536961     0.085578    -0.732795     1.584498    -1.891572     2.811546     1.801806    -0.108530
    0.689788    -0.574561    -0.280305     3.081059     1.208685     2.010390     0.483061    -1.108242     0.012236     0.280735    -0.675542     0.537942
    1.536736     2.175507     2.188401    -1.197404    -0.723576    -1.022831     2.260308     1.260145     2.247455     2.606466    -0.208931     2.745606
   -1.512265    -1.826901    -1.059020    -0.119195     0.430966     2.072821     0.948822     1.029156    -0.012818     1.079344     2.074241    -1.314758
   -2.009938    -0.973783    -2.869234     0.778550     1.731132    -0.817125     0.609912     0.958441    -1.656249     1.245934     0.121210     0.203630
   -2.148416    -0.062820    -1.149900    -1.504325    -0.389150     0.067078    -3.302837    -3.933455    -0.826321     0.754570    -0.351313    -1.112371
   -1.131508     1.030052    -1.753161    -0.007766    -0.296172     0.930464    -1.444645    -1.853330    -1.197383    -2.801428    -1.961276     0.437924
    0.279855    -2.403228    -0.073927     0.063575    -0.209865     1.542633    -0.428817     0.063338    -1.799948    -1.645721    -1.397846    -2.469152
    0.740631     0.723101     0.736556     0.976368    -0.560215     0.246068     1.132988     0.941536     1.095216     0.321399    -0.270543     0.915742
   -2.585644    -2.404345    -2.721706     1.124552     0.209611     0.437023    -0.906811     1.395290    -0.132920    -1.651148    -0.885826     0.559961
   -1.146948    -2.203580    -1.581401     1.391741     0.281268    -1.236138    -1.001196    -1.619712    -1.711425     0.282145    -0.434600    -0.963333
    2.266471     3.330602     2.591310    -1.110945    -1.387841    -1.960711    -0.197595     0.991778     2.061635     3.003039     3.799398     1.190786
    2.411268    -0.446431    -0.577349    -2.546235    -3.083364    -0.463334    -2.637943    -0.557837    -2.963081    -0.592297     0.112199     0.798610
   -0.560060    -0.102195    -1.606882    -1.281053    -1.323503    -0.001042     0.972920     0.475298    -1.373494     0.288064    -0.522277    -1.557483
    2.165462     0.375583     2.395411    -0.870947     0.115309    -0.435723     1.481690     1.889233    -1.866399     0.539118     0.658724     1.295400
   -0.163008    -2.032891     1.776129    -0.620823     0.947944     1.607996    -0.802418     0.156529     0.261638    -0.456392     2.022217    -0.071664
   -2.077453    -2.564405    -1.776912     2.530728     1.681831     0.515153    -0.328552     0.199534    -0.686677     1.688276     0.918397    -0.276824
    1.561283    -0.893377    -0.609144     2.756731     0.354156     0.362109     0.078670     1.437754     0.734732     0.064287    -0.654269    -0.956174
   -1.284781    -0.034655    -0.902669    -0.534847     0.102954    -0.566396     1.115076     0.515092    -0.750455    -0.326546     0.720040    -1.296876
   -1.233578     1.250197    -0.549022     0.116230     0.911636     0.929681     1.949282     0.869271     2.757708     0.090931    -1.080926     0.125281
   -2.072475     0.035643    -1.313668    -1.309242    -1.777579    -2.188333    -1.199651    -0.443980    -0.706553    -0.207963     0.372607    -1.904672
    1.695690     0.931686     1.753307     0.036584     1.045944    -0.016951     0.370051     0.018591    -1.659203    -0.108142    -0.397955    -1.583516
    0.032095    -0.857380    -0.854728     2.143679     0.715428     1.624608     2.557480     1.230219     1.384927     0.680379     0.460323     1.882646
    0.609915     1.001291    -0.242313     0.103457    -0.541646     0.207185     0.073493    -1.934084    -0.603760     0.575615    -3.833896     0.856884
    0.062340     0.267817     1.158352     1.249845     2.014305     2.147940    -0.203262    -0.344741    -0.302459     1.116537    -1.019860     1.422268
   -0.649448    -2.127231    -1.265572    -0.939250     0.725112    -0.386992     1.674728    -0.634928    -0.966176    -0.591705    -0.805933    -1.060806
   -1.839532    -0.564293    -1.373271    -1.062133    -1.398260    -1.190831    -2.075380    -1.437551    -2.596567     0.681258    -0.343458     0.598545
    0.082980    -0.693891    -1.224421     0.346020     0.321152    -0.160672    -2.763041    -2.274523    -0.328763    -0.492706     0.392575    -1.781030
    0.333719     0.238067    -0.220396     1.485129    -0.687839    -0.682759     1.426249     0.989434     0.543641     0.540874     0.455231    -1.424252
   -0.205445    -0.417400    -0.539196    -0.542366    -0.064026    -0.813890    -0.590106    -1.678103    -0.574903    -0.793263     0.513170     0.556994
    0.524233     1.530703     1.236775    -1.160393     0.942218    -0.623854     0.932185    -0.931885     1.723195     4.114005     0.432487    -0.156515
    0.099489     2.271749     1.300232    -0.779550     0.295582    -0.590110     1.072352     1.527076     0.901456     1.472184    -0.247422    -0.627662
    1.610643     0.777472     2.077107    -0.647686     0.689522     1.120116     1.409211     0.909212     1.352846    -0.088018    -2.018085     0.220762
   -0.400255    -0.147954    -1.043920    -2.106782    -0.657344     0.041410    -1.174252    -0.380760    -1.759499    -0.594718    -0.555795     0.691645
   -1.230551    -0.144503     0.321223    -3.389488    -2.101850    -0.538569    -3.191209    -1.479939    -0.635840    -1.610316     0.204897     0.181634
    0.030562     0.829802     0.569118     2.251762     0.594914     0.869159    -0.590364    -0.338802    -0.597613    -0.578830    -0.947108    -0.427592
    0.285217    -0.653989    -0.397635     0.968335     0.375090     2.136804     0.879635     1.207024     1.092037    -2.662675    -1.112474    -1.650534
   -1.684485    -3.468767    -0.971746     0.556597     0.876794     0.229915    -1.450639    -0.780446    -0.561968    -0.049203    -0.980522    -1.842426
   -1.671911    -0.144465     1.096568     2.206001     0.131701    -0.760192    -0.259849    -0.612144    -0.607022    -0.298048    -0.515573     0.532847
    0.367540     1.606194     0.580528     0.230278    -2.080192     1.246267     1.714075    -0.961926     0.607975    -1.439151    -0.619397     0.139202
   -0.019861    -0.133740     0.280955     2.365852    -0.629091     0.048153    -1.665598    -0.152238    -2.051553    -1.731643    -1.386494    -0.938840
   -1.256385    -0.146249    -0.679604    -0.100334    -0.713488     0.359121    -0.256593    -1.718239     0.034563    -1.041826    -0.647905     0.445071
    1.223874     2.201089     0.421710    -0.830432    -0.384077    -0.529080     0.559928    -0.588567     1.557715     0.880559     0.078720     3.507179
    1.177618     0.174520     1.166228    -0.098329     0.270520     1.709082    -1.446408     2.036510     0.481203     2.894013     1.127382     0.743176
    1.233262     1.264370     1.865027     0.357459    -2.341369    -1.713994    -1.780700     0.259347    -0.860236    -2.628986    -1.041019    -0.294957
    0.806914     1.614511    -0.097388     1.861701     1.605786     1.455579     2.757819    -0.451051     3.250270     2.019638    -0.608706    -0.341873
   -1.092887    -2.808906    -0.960582     1.877122     1.345441     0.083776     0.340042     0.205048     0.330101    -1.559858    -1.847436    -1.014444
   -0.928073     0.530280     0.039038     0.777425     0.439403    -0.285087    -0.395028     0.819219     0.583069     1.575530     1.372737     1.193041
   -0.883400     1.604362     2.276609    -0.988466     0.224386     1.387249    -1.612510    -0.985575    -2.229871    -0.367909     1.989833    -0.423619
    2.124375    -0.536721     0.662681    -0.186579     0.018904     0.256714    -0.266164     0.110331    -0.926268     0.970084     0.622309     1.098856
    0.287141     0.480800     2.444801    -0.966913    -0.885403    -0.419213    -0.850949    -1.968331     1.095149    -1.274467     0.444253    -0.475993
   -0.625893     1.262775     0.357748    -0.176538     0.493638     1.430376    -0.230073     1.448334     0.931127    -0.487989     0.740882    -0.374503
    2.487057     2.069392     1.173529    -0.971198    -0.593219     0.114705     0.813809    -0.002815    -2.220643    -0.373884     0.659682     0.601706
   -0.088556     0.010571    -0.218956     1.152567     2.542724    -0.885887    -0.631137    -0.650377    -0.234274     1.669796     0.273565     1.494281
   -1.133831    -0.566114    -0.836980    -1.356042    -0.369867     0.567443     0.498482    -2.862339    -0.773875     1.232165    -0.351619    -0.074840
    1.475990     1.210518     0.789860    -2.554475    -0.542498    -0.422808    -0.175838     0.654754    -0.833269    -0.474894     0.838017    -0.599796
    0.981374     0.514578     0.141517    -0.403165     0.554784    -2.381775    -0.426153    -0.650657    -1.156417    -1.872172    -2.863853    -2.259657
   -0.247695    -2.706083    -1.487870    -1.732631    -0.868292    -2.567242    -1.571341    -1.742489    -1.579296    -0.450024     0.983600     1.742437
    0.546014    -0.432032     1.136647    -0.713249    -1.486342     0.668422     0.576851     0.367619    -0.081477    -1.489069    -0.409961    -1.449153
   -0.059368     2.048155     0.340756     2.947853     1.347519     2.047025     3.540605     1.620775     3.419828     1.943576     2.746601     1.609401
    0.701070     1.474192     1.100501    -0.577746     0.165410     0.281397    -0.559203    -0.771999    -2.584690    -0.481310    -0.498013    -1.950754
   -1.821327    -0.110113     1.219527    -1.844767    -1.454343    -1.637446    -4.184939    -1.980412    -1.435999    -1.685210     0.170601     0.059763
    1.642708    -0.034080     0.563902     1.298277    -1.274346    -1.942549     1.064168    -0.049410    -1.902626    -0.796349    -0.642265    -0.297666
    0.764951     2.339552     2.598174     0.656338     2.075773     2.143347     2.083863     2.263783     0.952964    -0.103251     1.064664     0.945627
    0.492421     0.133188     1.380797     1.025161     1.856639     1.516196     3.504836     3.719705     0.699017     0.752028    -1.526280    -1.730838
   -0.280548     0.186662     0.629502     2.297067    -1.413807    -0.078745    -0.808094    -0.755066     1.367448     0.652228     0.643553    -0.104103
    0.562623     0.722435    -0.779563    -0.597832    -0.291266     0.021988    -0.464267    -0.836883    -1.215205     0.277008     0.775365     0.076718
   -0.419260     0.196784    -0.927444     0.937339     1.466904     1.025794    -0.451631    -0.690730    -0.913047     0.297608     0.329595    -1.691601
   -1.308980    -0.557890    -1.800006    -1.489715    -1.226878    -1.461167    -1.750187    -0.357152    -0.977811    -1.494845    -0.294416     1.487406
    3.576727     1.607776     2.471654    -0.267371     1.390854     1.447001     3.219434     2.128877     2.382678     2.690937     1.741993     2.129003
   -0.620839     1.754558     0.555661    -2.037758    -0.807632    -1.153083    -1.197451    -1.029107    -0.240851    -1.536961     0.254106     1.462540
    0.339091    -1.207642    -1.693181     1.436403     1.133346     2.236734     2.930736     1.457742     0.848769     0.849175     0.302107     0.092689
    2.207206    -0.062466    -0.034663     0.589636    -0.291340    -1.934682     2.978393     3.042168     2.627757    -0.676466     0.008810     0.246119
    1.060055     1.292715    -0.698769     2.115204     1.438855     0.259848     2.493804     2.569061     2.678904    -2.433716     2.036077     1.500517
    0.616062     1.589572     1.738382     0.981160    -2.018770    -1.072609     1.860401     2.032852     1.229427    -0.728072     1.622183     1.690834
   -2.938781    -2.536369    -0.837163    -2.963322    -2.165075    -0.736854    -3.315525    -2.570073    -3.071594    -0.021240    -0.482389    -2.230305
   -0.928425     0.393903     1.396230     0.036226    -1.702038    -1.176833    -1.765026    -2.434057    -1.428668    -2.876283    -2.587538    -0.932333
   -2.533178     0.173114    -0.432240     3.644749     2.006619     0.922507    -1.136653     0.627346     0.405536     1.948653     0.497016     1.321299
   -0.306539     0.929504     1.632066    -0.283721    -1.911186     0.586348     1.225810     1.820280     1.836762     0.241876    -2.001420     0.362362
    0.361294     0.461107    -1.637669     0.360985     0.744121    -0.021654    -0.748289     1.042173    -0.194735     0.004338    -0.028513    -0.253831
   -1.407999     0.327546     0.241265    -3.624872     0.097716     0.527325    -1.553652    -1.878945    -1.550458    -0.243125    -1.097671     0.860077
   -1.645543    -0.366275     1.963967    -3.723809    -1.043198    -1.507947    -2.055238    -1.581966    -0.552142    -0.616404     1.054224     0.894232
    2.118225     1.911602     2.121993    -1.403922     0.706973     1.428746     0.470029    -0.130376     1.883068     1.097363     0.650449    -0.426074
    2.821242     1.493834    -0.040416     1.423125    -0.629209     0.151063     0.287620    -2.137582     0.842587    -0.668477     1.043757    -0.909022
    0.317494     0.379634    -0.357945    -0.986286     0.185692    -0.515648    -3.528490    -2.503667    -1.966599    -1.780270    -1.013173    -3.143307
    0.071918     0.877572     1.189735     0.517979     0.940685     0.023846     1.069500     1.418568     0.059457     0.482034    -0.315399    -0.808513
   -0.973676    -1.320559    -3.649138    -0.683544    -0.436904    -0.397259     0.136998     0.003724    -0.237032     0.804079     3.100198     1.430870
   -0.456793    -0.068055    -0.571296     0.068558     1.940428     0.869273     0.982844    -1.038028    -0.572011    -0.380437     0.527794     0.945252
   -1.706087     0.189022    -0.449847    -1.367437    -0.605287    -1.078428    -1.806422    -1.455539    -0.082018     0.807796    -0.130606    -0.007599
   -0.982634     1.554751     1.415169    -0.693255    -0.003488    -1.311471     0.019774     0.605378    -0.484861    -1.354492    -0.535026    -1.075354
   -0.449236     0.595698    -0.939346     0.579782     0.352453    -0.609942     1.193727     1.089783     0.806822     0.110524    -0.658358     0.563685
   -0.449596    -0.747486    -2.603669    -0.060386     0.680097     0.871562    -1.835845    -1.220562     0.604867    -0.965532    -1.825188    -2.526113
    0.219928     2.586837     1.599252     0.048243    -0.226590    -1.056281    -1.124315     1.113976     1.482806     1.406785     1.522835    -0.050641
   -0.773361    -2.909286    -0.562276    -1.492133    -0.737459     0.525159    -1.486688    -1.194228    -1.072295    -1.987815    -1.540979    -0.492123
   -0.294820    -0.853174    -0.519354     1.373638     0.623627     2.383013     3.917426    -0.438038     1.331032     0.473314    -0.117635    -0.503343
   -1.131096     1.264398     1.904193     0.289767     1.685848     0.129538    -0.682559    -2.439064     0.432112     0.849279     1.042477    -0.019181
    1.381131     0.004824    -0.677214    -2.785477    -1.086421    -0.156439     0.028748     2.442288     2.818563     1.211684     2.248152     1.783870
    0.976518     0.219525     0.018117    -0.339587     1.767072    -0.658012    -0.005620    -0.416561    -0.142357    -0.232047    -0.699957     1.233820
   -0.136477     0.233742    -0.884599     2.559114     0.466669     0.508418     1.656459     0.052341     1.542583    -0.338304     2.450414     0.353651
    0.800946    -0.250457     0.054974    -0.802916     1.541319     0.582292     1.280681     1.507529    -0.748452     0.344097    -1.528171     1.446021
    0.674621     1.434081     1.558945    -1.181678    -0.873774     0.445193     1.090617    -0.611173     0.244690     0.236789     1.747488     2.270190
   -1.335089    -0.525682    -1.321869    -3.888584    -1.590987    -0.204975     0.221730     0.825063     1.137532    -1.124217    -1.261231    -0.842261
   -1.235989    -1.283698    -0.089491     0.979967     1.027576    -0.559582    -0.847671    -0.457783    -0.946039     0.397636    -1.208521     0.544558
   -3.262218    -1.619504    -0.187249     2.566202    -0.076493    -0.011229    -0.226052     0.340736    -0.132666    -0.878840     0.199312     0.000105
    1.686358     3.703065     0.262118     0.818719     1.331198     2.624556     1.628127    -0.087171     1.851727     0.769252    -0.656625     0.659490
   -1.772940    -1.639545    -1.283163     1.410848     0.527826     1.281706     1.167452     1.167296     1.782103     0.719606    -0.219610    -0.419426
    1.211511    -0.918839    -0.609548     0.672510     1.269794     1.167730     1.057293     0.650072     1.085064     3.935672     0.890111     0.392211
   -0.954561    -0.981870    -1.409784     0.943900    -0.941081    -1.798960    -1.050050    -2.505903    -2.637803     0.323679    -1.121688    -0.381500
   -0.580426    -1.806560    -2.267485     1.623098     1.945999    -0.168690     0.939971     0.358002     0.592295     2.030221     0.875340     0.875956
    0.645719    -0.669512     0.424532     0.449094     0.368275    -0.749747     2.722291     1.180737     1.813506    -2.609320    -2.040768    -1.962566
    0.747363     1.117472     0.887661    -0.035195     1.389859     1.730200     1.839658     1.789122     2.030719     2.703695     0.192057     3.843233
   -1.663801    -0.144240    -2.160192    -0.746970    -1.163667    -0.516378    -2.691156     0.584220     0.306401     0.456250     0.525292     0.457488
   -3.457215    -1.820808     0.711932     2.393917     0.347808     4.107089     0.760072     0.472539     0.501068    -0.435581     1.872098     1.128893
    0.149526     0.014753    -0.522796    -0.892254    -2.786476    -2.707514    -0.599062    -0.853155    -1.366422    -0.756437    -0.242339     0.496967
    1.747252     0.862110     1.767309     2.477217     2.077141     0.968548     2.137151     3.782248     0.348547     0.341876     1.053589     0.101941
   -0.852039    -0.642069     1.240342     2.149210    -1.984707     0.055665     0.854439     0.446342    -0.876302     0.453069     1.537502     1.071828
   -1.399179    -3.016922    -1.592916     0.377005    -0.593960    -0.904723    -1.304670    -1.244244    -0.707665    -0.747755    -1.557122    -0.389540
    0.747282     0.451529    -0.073822     0.484692     0.615508     1.750792     1.100345     0.100695     1.959613     0.730409     0.906864     0.048094
   -1.487975    -1.850144     0.296835    -2.019132    -0.052542    -2.359897    -3.120441    -2.552164    -1.279675    -1.470291    -1.178787    -0.771048
    0.373386     0.109364    -0.623368    -0.405202    -1.188710    -1.469914    -0.315978     1.084165    -0.274870    -2.384564    -1.037652     0.922135
   -1.474186     0.756262     0.257117     0.405894    -0.936593     0.138462    -1.317589    -2.331903    -1.043083     1.175291     1.176508    -1.504527
    1.457753     2.928142     2.443582     1.086066     0.380861     1.109986     0.632278     1.187548     2.483810     0.241353     0.114033    -1.060356
   -0.448845    -0.541891     0.159337     1.206267     2.080639     1.541378     0.772518     1.655463     3.432224     0.553420     1.347071     0.585393
    0.798008     0.384580     1.079677    -0.968935    -0.444075    -0.585374     0.463121     3.059822     0.478550     2.834406     0.482824    -0.356123
   -0.072599     0.851789     0.481289    -0.566159     0.334758    -0.308363     0.264903    -0.030876     0.173996     0.008272    -1.003414     0.472686
   -1.816380     2.152642    -0.805752    -2.096657    -0.251513    -0.780782    -0.544158    -2.241215    -2.285619     0.839829     1.638043     0.963419
   -0.347907    -0.555942    -2.715057    -0.172213     0.802324    -0.895159     0.060357    -0.487651    -0.834894    -2.025271     0.526903    -1.651384
    0.925509     1.844450     0.184857     1.209842    -0.721667     1.083901     1.340616     0.935744     0.366266    -0.027577     0.744949     0.282847
    2.280930     1.139794    -0.598533     1.048268    -0.036868    -1.089497    -0.979469    -1.701569    -0.303022    -3.305412    -0.241733    -0.232457
    2.021209     0.746267     0.913871     1.488987    -0.075409    -0.819687     0.602477     1.687546     0.986598     3.257002     0.359151     1.071256
   -0.613744    -5.193278    -1.572480    -1.660047    -1.171685    -0.473064    -2.077341    -1.742043    -2.671274    -0.770317    -0.909281    -1.406844
   -1.548369    -0.603397    -1.562267     1.322699     0.082614     0.578013    -0.264605     0.307192     1.021044     0.559374    -0.857137     1.375271
    1.374051     0.702750     1.905890    -1.590279    -0.986709    -0.086469     1.806687    -0.279127     2.565943    -0.202974     0.567432     3.626911
    1.613853     2.656302     3.327321     0.756801    -0.808140    -2.026379    -0.925791    -0.149982     1.537492     0.573240     1.045066     0.029083
   -0.973411    -2.424113    -1.609525    -1.662673    -3.083115    -0.641321    -0.762578     1.063643    -1.575114    -1.608197     0.152090    -1.310772
    1.408718     0.191560     0.181015    -0.424992    -0.560010    -1.468538    -0.968584    -1.443608     0.133233    -0.560039     0.290910    -1.075835
   -1.611165     0.414045     2.264782     0.468621    -1.990100     0.287587     1.053032     0.489669     1.150549     1.062279     1.311039     3.197334
    1.543329     2.934238     2.423280     1.498861    -0.257340     1.974382     2.747538     0.477521     1.703798     1.470983     0.771039     2.227334
    2.495005     0.158355    -0.473560    -0.705717     0.539953    -0.423683    -1.806450    -0.801810     1.238172    -0.243226     1.133235    -0.416007
   -1.559610    -0.103358    -1.535943    -0.540226    -0.797748    -0.521265    -0.557496    -0.997088    -1.269342    -0.075885    -1.566771    -1.394215
    2.093062     0.352650    -0.315370     0.141745    -0.081898     0.704501     3.059934     0.587741     1.059458    -0.234797    -0.392736    -0.311712
   -0.198863     0.251460     1.109975     0.838412     0.713363     2.275180     1.736703     1.752965     1.694122     0.404366     0.218756    -0.915893
   -0.115273    -1.881159    -0.548410    -0.709068    -1.784708     0.301177    -1.306714     0.261219    -0.984208     0.654329    -0.266995     1.274008
    2.056794     2.660412     2.522192    -0.664458    -0.577288    -1.409097     1.412672     0.568358     2.372018     3.290754     0.205570    -0.444544
   -2.194993    -1.822750     0.075714    -1.305028    -0.421147    -2.442184    -1.324436    -1.284554    -2.591046    -0.371780    -1.662113    -1.286698
    2.403791     0.542119     0.461829     0.429643     2.674352     0.594913     2.208883     0.637548    -0.728757     0.905345     0.437817     1.233571
   -1.331586    -1.821190    -0.890194     0.979912     2.182225     1.065373    -1.072630     0.495213     0.359752    -3.079745     0.353207     0.512739
   -0.692262    -0.748443    -0.752542     1.912763     2.320236     2.282574     0.444711     2.117562     0.554469     1.851186    -0.111527    -1.003849
   -1.216069    -1.385796    -1.680987    -0.148563     1.562234    -0.685858     1.571498    -0.695161     0.146939     2.995519     0.712863     0.782211
   -0.244726    -1.122347    -1.830135    -1.794375    -2.002953    -1.251859    -0.034517     0.213941    -0.313688    -0.928389    -1.201075    -0.298133
    1.972441     2.246527     3.287310    -1.761886    -0.981637    -2.100180     1.967117     0.117680     2.241405     0.030745    -0.974890    -1.558770
   -0.986375    -1.085315    -1.102042     0.174934     1.814665    -1.301985    -1.012798    -1.091362    -0.853068    -0.691868     2.596659    -1.263360
   -1.453988    -0.507812    -1.676876    -0.152335     0.528555     2.444908     1.968882     0.150139     3.035153     0.937129     2.051904     1.261008
    1.573453    -0.945380    -0.886435    -0.957361    -1.165179     1.375400     0.561085     1.528977     0.376585    -2.146198    -1.343511     0.978506
    0.074209    -1.128041     0.103611    -3.342863    -1.451791    -0.902627    -0.826879    -1.072681     0.860594    -1.661386    -0.948262    -2.267017
   -1.706071     0.942895    -0.229238     1.012298    -0.037497     3.334567     1.801942     0.457312     0.190905     0.288163     0.929703    -1.011888
    2.412633     1.042037     0.149986    -0.978314    -1.163724    -1.356456     1.248667     0.915787     0.429086     1.608264     1.637277     0.208430
    1.578091     2.207779    -0.751738    -0.885529    -0.270758     1.084000     0.277522     1.187874     0.011365    -0.474604     0.075887    -0.290881
   -0.910953    -3.786989    -1.411767    -0.070262     0.055713     0.555317     1.336325     0.912544    -0.114397     0.447930     1.342655    -1.454629
   -2.601494     0.083895    -2.407802     0.473665     2.148875     0.169063    -1.929328    -0.008950     0.309117     0.874856    -0.202303     0.201565
   -0.204998    -0.026948    -0.999398    -1.371036     2.125278     1.272137     0.336490     1.336290     0.671131     0.556478    -2.152098    -0.952338
   -1.408407    -1.518301    -0.478389     0.210791     0.446841    -1.180189    -3.548244    -0.078338    -1.536499     1.999911    -0.907191     0.764920
   -1.891323    -1.292211    -1.205385    -0.211411     0.607097     1.489809    -2.097119    -1.054156    -0.185138    -2.904403    -2.243247    -1.413578
    1.921546    -0.954716    -1.284196     1.573493     0.963202     0.222557     0.995690    -0.497864     1.613505    -1.453966    -0.122415    -1.933520
    0.202647     0.539729     0.473552    -0.503729     0.401081    -2.001651     0.469198     0.811663     1.037690     1.336461    -1.228556    -1.322711
    0.017022    -0.542767    -0.085120     2.275853     1.169183     0.027915    -1.335223     0.456690    -1.562790    -0.411788    -0.296919     0.300114
   -0.765554    -0.363694     0.579040     0.181324    -0.101375     0.515523    -1.085879     0.234169    -0.676105     0.217901    -0.684917     0.493343
   -0.130312    -2.112398     0.186192     2.660200    -0.199844    -1.006938     2.885065     0.978439    -0.641606     1.044624    -0.138119     1.364181
   -1.042053    -2.411040    -0.960421    -0.598127     2.312380     0.678827     1.509996     2.247792     1.635416     0.595332     0.132970     0.884429
    0.466471    -0.335760    -0.008299    -1.039222    -0.222537    -0.859940     1.109252     0.115887    -1.079753    -0.765313    -0.049244     2.857614
   -2.269873     0.642922     0.075872    -0.317638    -1.904235    -0.020045    -0.805581     0.499014     0.325492    -0.549870    -0.641995    -0.599394
    0.521562     0.445351     1.357707    -0.155346    -0.486773    -0.812831    -2.552147    -0.220825    -1.799433    -1.523487    -0.101906    -0.142371
    1.261994     2.539546     1.442182    -0.211834    -0.983611    -2.183342    -0.247187     0.614075    -0.939912     1.395769    -0.406917     1.739543
   -1.220185     1.794506    -1.737362    -1.529489    -1.178292    -1.330374    -2.861984    -2.879267    -4.182752    -1.261210    -1.810099    -1.534555
   -0.219040     2.381394     1.807346    -2.150535    -0.347131    -1.525397    -0.864486     1.052641     0.010128     0.330236    -0.511890     0.520929
   -0.470862    -0.945450     0.640900    -0.407144    -0.437295    -0.064190    -0.100395     0.126460    -0.197611     0.254738    -2.043395    -0.116546
   -1.468838    -1.401195     2.536128     1.146696    -1.278084    -0.829495    -1.522450    -0.268153    -0.330606    -0.465864    -0.899957    -0.462054
    0.022938     1.359212    -0.903399    -0.696598     0.869049     0.733400     0.331164     0.301857     0.365000     1.957686    -0.185097     3.201089
    0.086024    -1.376553    -1.244415     2.192922     0.372590     1.305310    -0.283250     0.311927     1.262310     2.703107    -2.091642     0.402457
   -0.418194    -0.789519    -0.861811    -0.948073     0.564018    -0.341602    -0.733525     0.396075    -1.603086    -0.661159    -0.160214     0.141064
    0.002464    -1.326318    -1.749502    -1.391224    -0.489856    -0.374645    -2.163285     0.032004     0.306715    -1.825361    -1.318230     0.722295
    0.588484    -0.750642    -1.765071    -1.404454    -0.471768    -1.566750    -1.199922    -2.265308    -1.023024    -2.313874     0.696441     0.028221
   -2.336435    -2.168977    -0.458429    -2.702104    -3.733219    -1.310910    -1.455355    -1.362778    -1.428116    -1.162617    -0.778165    -1.597522
   -0.394790    -0.265001    -0.772860    -0.020658    -1.235569    -0.163380    -1.599530    -2.388481    -1.035166    -2.565573    -2.204624    -0.426643
   -1.049959    -1.432491     1.247338     0.250044     0.248739    -0.835554    -2.371000    -0.892052    -1.450647     0.238340     1.825962    -1.885264
   -0.726553     0.204408    -0.946946     0.863094     0.016222     0.013332    -0.134196     1.511390     2.294187     2.100852    -0.667756    -0.138989
   -0.202228    -0.642588     0.257711    -0.604353    -1.185503     0.014639     0.555187    -0.123755    -1.370545     1.357606    -0.639200     1.571676
   -1.114435     0.447699     1.406230     0.490433     0.573730     0.189165     1.024243     1.847919     0.489946    -0.421147    -0.266491    -0.596779
   -1.051339     0.190896     0.729924     2.603261     0.630929     2.177522     1.436511     0.473605    -0.220670    -2.391456     0.998989     0.344834
   -2.737789    -1.606564    -0.059941    -0.164173     1.454421     0.910117     0.676128    -0.885575     1.633284     0.303220     1.074329     2.852149
    1.782026     0.172604     1.169408    -1.091878    -1.662063     0.977574     2.367931    -1.051258     2.115977     1.727017     0.534583     1.664830
    1.311754     1.283528     2.020609     3.035593     0.608838     1.013672     2.535437     1.921734     0.934925     0.186559     0.478119     0.156269
   -2.279704     0.906155    -0.610896    -0.384515    -2.520556    -1.601627    -1.573875    -1.507312    -2.227398    -0.723078     0.287079     1.991905
    1.233041     0.654028     2.832322     0.092829    -1.813999    -0.570713     1.543689     0.575748     1.268779    -0.705673    -0.452920     2.597531
    0.227427    -0.899319    -0.193134    -0.629259    -0.729012    -1.370772     1.522114     0.959159     3.108704    -0.374235    -0.595859     0.711249
    0.819775     0.720337     0.786883    -0.711719    -1.091618    -0.367216    -0.451432    -3.326297    -1.355937    -1.084535    -1.135260    -0.143975
    0.058094     0.854988    -0.829816     1.427900    -0.872908    -0.630680    -1.702718    -0.860513     0.628697    -1.921515    -2.219305     0.607466
    0.288804    -0.966006    -1.939802     1.481066     1.081698    -0.272779     1.303508     1.655210     1.185444     0.926093     1.691774     0.235910
   -2.333488    -0.300006    -1.380028    -0.382844     1.149602     0.080888    -1.910427     0.060924    -1.345482    -0.334716     2.201927     2.059697
    0.024692     0.109302     0.718196     2.014972     1.095576     0.508066    -0.894719     0.158948     1.960918    -0.792500    -1.797927     2.339565
   -0.082896    -1.222216    -0.492876    -1.254988     0.351222    -0.421828    -0.666848    -0.503455     1.817733    -2.147566    -0.439897    -0.806879
    0.302522    -1.349032    -0.197700     1.710891     1.349420     1.669877     0.156208    -0.886981    -2.064602    -2.501804     0.096990    -0.689282
   -0.307637    -0.613616    -1.816329     0.610339     1.595789    -0.430167     0.585118    -1.344772    -0.274993     0.803781     0.774174     1.748501
    1.760036     1.931292     3.001596     2.149406    -1.001101     0.918621    -0.073539    -0.685918     0.769903    -0.111308     2.541472     1.419309
    3.112277     2.626351     3.348231    -4.546133    -1.755526     0.041209    -2.743206    -2.051683    -2.763383    -2.825517    -2.302170     0.611102
    0.729313    -2.126998    -1.631357    -2.696827    -1.613393    -1.848101    -1.614941    -1.305524    -3.003324    -1.245697    -0.992045    -0.630351
   -1.181427     0.388815    -0.434136     0.444189     1.889174     0.217348     0.978082     0.819593     1.135630     1.068502    -0.421530     0.621401
   -2.300966    -1.960220    -1.364654     0.965272     0.783204    -0.249782    -1.306128    -0.860051    -0.693225    -0.450981     0.791320    -0.084579
    1.263959    -0.003819    -1.002591    -0.823284    -0.645323    -1.530846     0.283504    -1.218289    -0.025659     0.177019     2.660700     1.979327
    1.832265     1.969923     0.981691    -0.120797     0.191054    -1.884160    -1.437375     1.571492     0.093869     2.998163     1.280337    -1.176987
    1.131642     1.244887     1.193648    -0.125006     0.603282     0.228759    -0.106520    -2.380984    -2.643613     0.511851    -0.080880    -0.405010
   -0.357758    -2.050796    -1.210832    -0.971830    -2.919899    -1.699862    -0.329873    -0.420686    -2.533867    -0.456133    -0.843069    -0.961443
    3.405403     2.877111     3.159142     1.718253    -0.123063     1.287178     1.333311     0.698791     2.758020     1.655156     2.416199    -0.514821
    0.492490    -1.478869    -0.646964    -1.882544    -0.784424    -1.936332    -3.921115    -2.042925    -1.201716    -2.756594    -0.440380    -1.842357
   -0.815947    -0.836281    -1.502773     1.090776     2.300431     1.574503    -0.727013     0.488096     0.572677    -0.492022     0.658318    -0.573923
   -0.330000    -0.636861    -0.696167     0.605746     1.230300    -1.416747    -1.807665    -1.343679    -0.116704    -0.105961    -2.518582    -0.186139
   -0.824736    -0.671800    -0.562705    -0.126132    -1.433040     1.321736     2.023404     0.943957    -0.411232    -1.248788     0.264032    -0.418285
   -0.079376     0.561452     0.523768     0.643064    -2.635913    -1.979170     0.713609     0.603312     0.583126     1.957418     0.297338     0.326068
    0.071559    -0.420511    -2.013578     0.292517     0.434881    -0.926596     1.012427    -0.557830    -1.917782     0.592324     0.989730     1.350562
    1.005763    -0.045999     1.601636     0.378782     1.665774     1.308060     0.597801     0.728579     0.464293     0.545326     0.519683    -0.043580
    1.321929     1.096567     0.292811     0.975514     2.172814     0.484980     0.163114     1.059600     0.566729    -0.162248     0.364402    -0.135355
   -0.053383    -0.242630     0.935391     0.300375     3.200524     1.753304     1.304082     1.819203     1.812523    -0.138688    -0.312740    -0.785596
    0.122218     1.838167     0.033864    -0.087368     0.686140     1.347009     1.380923     1.123343     1.219732     2.233892     0.837309    -0.884980
   -0.619604    -2.504762    -0.690369     0.537832     1.221250     1.740428    -1.295987    -0.920056    -2.399647     0.879552    -1.531457    -1.632419
   -2.672257    -3.051599    -2.467994    -0.120188     0.500165     1.756088     1.206667    -2.690492     0.167023    -1.494772    -1.450132     0.779248
   -1.821842    -0.126376     0.710256     1.509530    -0.671581     1.801578    -0.908990    -1.107518    -2.413099    -1.314823    -1.876217    -0.865721
    0.588260     0.936938     0.053317     0.272328     0.035615    -1.190372    -1.884115    -1.165619    -0.620845    -0.923144    -1.106954    -1.498132
   -0.240267     3.371678    -0.011168    -0.526281     0.728609    -1.452776     1.234006     0.604999     1.570379     1.496846     0.319824     1.445688
    2.684147     0.977265    -0.437613    -0.924664     1.367633     2.672527     1.378754     2.689669     2.128691     0.995451     1.030133     0.865433
    2.996262     2.361592     1.211051    -1.377165     0.067520    -2.659637     0.519104     0.343367    -0.160951    -0.701635     0.090434    -0.410258
   -3.154780    -2.036557    -1.348808    -0.059954     2.455821     0.528296    -0.300744    -1.528726     0.235246    -0.704075    -2.085345    -0.571845
   -1.525750     0.629033    -1.247415    -1.635100    -1.211334    -1.322053    -1.034509    -1.967121    -1.445589    -2.089751    -0.558830    -2.669827
   -1.549686    -0.461370    -1.685672     1.317345    -0.211017     1.340949     1.528056     1.828452     1.289139     0.843740     0.794701     1.378412
    2.252560     1.359858     2.186432     0.917680    -1.722924     0.369299     1.912098     1.655683     0.444937     1.315486    -1.589839     1.138698
    2.733818     0.948407     1.143403    -0.015850     0.363881    -1.635210     1.149610     1.704123    -0.054727    -1.891655    -1.116252     0.999908
   -0.409760    -0.315786     0.566471     1.411284     1.314354     1.874293     1.451107     0.180369    -0.154290    -0.167064    -1.752631     0.202497
   -0.136760    -1.798307     0.038426    -1.580796    -1.487823    -0.112290    -1.217182     0.435647    -0.098570    -0.210687    -0.446450    -0.101373
    2.602419     0.274375     2.687829     1.120715    -0.802701    -0.305721    -0.082166    -0.913768     0.488731     0.280375     0.871768     1.124724
    0.850250     2.254210     1.133532     1.457380     0.877662    -0.497659     1.409875     0.075805     0.383144     2.528881     1.442570    -0.291283
   -2.606335    -2.244785    -2.535231     0.365944     2.228928     0.171935     1.520604     3.119240     0.932992    -1.429199     0.255218     1.590369
   -1.580975    -1.693571    -0.925524    -2.134237     1.654900    -1.668381    -0.932197     0.299875    -0.767730    -1.528472    -3.005192    -0.439629
   -2.919212    -0.068957     0.558982    -0.856238    -2.507610    -0.802560    -1.011472    -1.903156    -1.299883    -2.056532    -2.277100    -1.155354
   -0.161791    -0.609887     1.232217    -0.878356    -0.155693    -1.704888    -2.133071    -3.518571    -1.631112    -0.223464    -1.549295    -2.176356
   -1.175700    -2.820433    -2.014943    -1.551558    -1.088279    -0.787950     3.106528    -0.138889    -0.921471     0.537513     0.560951    -1.200743
   -2.052391    -1.212043    -2.839072     1.171244     1.055719    -0.470791    -1.154689    -0.463802    -2.085869     2.010491     0.447529    -0.677653
    1.890751     0.223808     1.621004    -1.831035    -1.244929     0.154457    -2.211848    -0.044573     0.738088    -0.789691     0.819777     0.395530
    0.257590    -0.446940    -0.850384     1.459002     0.465452    -0.454606     1.843276     2.344047     0.523992     2.198879     1.269316    -1.511496
   -0.173437     1.890981     1.441523     0.689304     0.580952     0.495578     0.480981     2.149384     2.508819     1.229648     1.753150     0.298527
    0.651116    -1.032168     0.555187    -0.017706     1.912032     0.960445     0.702847     0.811116    -0.776351     2.127260     0.464589    -0.100636
    0.326966    -0.102421    -0.303168     0.871718     1.998739    -0.310221     2.091432     3.364114     1.490983    -0.694279     0.777355    -1.590527
   -1.860366    -2.383304    -2.274177     0.743927     1.483562    -0.903272    -2.234573    -1.007795    -2.307430    -3.431543    -1.912782    -0.116600
    1.390050    -0.520801    -1.313614     2.787036     0.971573    -0.114005     4.344764     1.251399     2.882991     2.760571    -0.246941     0.536054
    0.050419    -1.338936    -1.015873    -0.774744    -0.080653     1.586166     1.717694     0.538438     2.043053     0.000847    -1.730647     0.410657
   -0.375765    -0.846032    -2.059376    -0.483366    -0.512391     0.742394    -0.475147    -0.589632    -1.595619    -2.862505     0.707294     0.331821
    0.134935    -0.091607     1.785154    -0.271292    -1.241659    -1.261212    -2.781958    -0.629238     0.093040     2.084135    -0.172561    -1.679426
   -1.145430    -1.314623    -1.923209    -0.445119     0.203620     1.079887    -1.224448     0.343871    -0.393999     0.444146    -0.571952    -1.066400
   -0.590989     0.992848    -0.197632    -0.507208    -0.705502     0.481887     0.140248     1.041315     0.957943     1.344879    -0.547088     2.717179
   -1.373207    -1.287065    -0.699303     0.997585    -0.465596     1.702152     2.230651     0.182453     1.103615     1.850615     1.683513     1.929104
    0.608218     0.022225    -1.378295     1.612871     1.163607    -0.302472     3.391993     3.146412     1.230568     2.784131     0.681093    -1.715570
   -1.007931    -1.414960    -0.341667     1.029010     0.901349    -0.897381    -1.310565    -0.974356    -0.080318    -1.732431    -0.662327    -0.493590
    1.517096    -0.230752     1.940359     1.282057     1.297299     0.262176    -0.038126    -0.527374     0.322383    -1.041149     1.243499    -0.943912
   -0.697656    -1.366937    -0.282644     1.390047     1.113680     1.090066     0.714332     0.226171     1.046138     1.072792    -1.418053     1.473817
   -0.963402     1.381943     1.676295     0.074381     0.458360    -0.184515    -0.338004     0.042229     0.348085     1.672096     2.411021     1.040528
   -1.507610    -0.670663    -1.128302     1.241104     0.139852     1.212841    -0.579426    -1.041590    -0.219545     1.545062     0.039951     1.320637
   -1.589148    -0.736441    -2.709155    -2.445891    -1.232164    -1.529539    -4.302967    -1.515065    -1.744664    -0.573532    -1.233510    -1.470044
    1.552760     1.174754     2.154041    -0.762990    -0.260735    -0.585887     2.431211     0.683821     0.498588     0.439397     1.007350     1.095673
    0.307658    -0.713236     0.648654    -0.288618    -0.874733    -1.606722     0.000610     0.557358     1.527548    -0.562516    -0.850499     0.502470
    2.640907     3.369873     0.577677     1.930583     0.343140     0.313612     2.698472    -0.133266     0.519993     0.899817     0.201667    -0.384823
    0.593393     0.636830     0.947895    -0.205862    -0.806190     0.931128    -0.484136    -0.154426     0.009767    -1.961616    -2.334399     0.863110
   -1.958317    -0.388408    -1.511449     1.759811     0.284373    -1.914059    -0.183819     0.034561     0.576174     0.570058    -0.548197    -0.226463
    1.205428     0.550862     0.763764     0.798892    -0.145297    -2.673801     0.079229    -0.388496    -0.841125     0.052111     0.810408    -1.214436
    0.091486     0.784297     0.978085     0.193459    -0.360405     2.057216    -0.088879    -0.241147     0.560726     1.033768     1.101271    -0.510208
   -0.073574     0.113351     1.107495     2.186332     2.142814    -0.585492     1.288557    -0.908919    -0.679538     0.700506     0.628555     0.382705
    0.979194     1.707597     0.548851     1.042247     0.668681     2.426364     1.520062    -0.199584     1.482173    -1.794716    -0.732992    -0.995243
    0.987619     2.750222    -1.728294    -0.160634    -0.223065     1.576422     1.656376    -0.023299     1.021566    -3.130021    -2.231729    -1.220912
   -0.255205     0.103425     0.410359     2.688000     1.029990     1.550483     1.123021     0.912567     1.602574     2.343014     1.445558     0.268829
    0.045538    -1.501034    -0.055225    -1.264327    -1.733223     0.889840    -0.360882    -0.268639     0.838431    -0.516798    -0.411839     0.347510
    0.397757    -1.015509    -0.278345     2.169004    -0.053350    -0.597125     1.835384     1.618144     2.032769     1.894531    -0.463918     1.198676
    0.544510    -0.274974    -1.767013     0.845370     1.934949     1.772344     0.107302     0.043472     0.659705    -0.830876    -2.281421    -0.455497
    0.644738     0.496350     0.327865    -0.005005     0.462143    -0.507260     0.916296    -2.813722    -0.657450     1.276973     0.056627     0.721489
   -0.040161     1.058814     1.990758     1.695572     1.999946     2.275672     1.399508     1.230482     0.878400    -1.601217     1.299515     1.522389
    0.440031    -1.840387    -2.832864    -0.742919     1.600058     2.398482     0.074954    -0.487169    -0.410884     0.683664     2.266473    -0.678909
   -0.739560     0.080823     0.898472    -0.668865    -2.092954    -1.405268    -1.658976    -0.749089    -0.203080    -0.690653     0.685070     1.260974
    0.599890     0.189176    -1.345958    -0.241532    -0.376256     0.201510    -0.904792     0.974144    -0.152458    -0.985562    -0.185980     1.829699
    0.875390     0.153925     2.042513    -0.158670    -2.344719    -0.683475    -1.125982    -2.468007    -1.240422    -1.366873    -0.539656     0.283451
   -0.655838    -0.889838     0.271441     2.469207     2.203705    -0.685973     0.900269    -0.193122     0.903772    -1.131932    -2.074457    -1.230555
    1.037583     0.929063     2.901145    -0.117774    -0.040497     0.576563    -1.420925     0.743068     0.356261     0.496450    -0.447878    -1.557475
   -0.978832    -1.410175    -1.748621    -0.142107     0.989109     1.746667    -0.408863    -0.659593     0.930127     0.609716    -0.177392    -0.250431
   -0.228989     0.836005    -1.150280    -0.348407     1.069948     1.440616     0.816346     1.412555    -1.910827     0.389340     0.063199     1.240412
   -0.779182    -0.148722    -0.367208    -0.213398     1.629571     0.095536    -0.864503    -0.599026     1.224069    -1.105805    -2.506022     0.024188
   -2.709244    -3.458951    -1.104305     1.980882     2.279640     1.616377    -1.777712    -0.064427     0.568457    -0.512091    -1.846822    -0.612573
    1.993979     1.565300     1.383084     0.105559    -0.459575     0.129693    -0.226740     2.663503     1.560207     0.048128     1.408187     0.974751
   -2.171498    -0.895332    -2.458898     2.346936     1.103360     0.685408    -0.027560    -2.221897    -1.208386     0.817670     0.728427    -0.893493
   -1.214674    -0.090689     0.905490     2.282302     0.579362     1.041161     2.525720     0.454640     1.582718     1.443046     1.451489     1.292450
    0.938553     3.939567     2.055987     3.312784     0.826325     0.739165     2.486705     2.321559     1.930564     0.173611     0.036694     1.514423
   -1.811149     0.105445     0.642252     0.186504    -0.187214     3.632370    -1.033797    -2.205420    -1.511356     0.918128    -0.202799     0.509553
   -0.685056     1.137675     0.259889    -1.824430    -1.319235    -3.202916    -3.523054    -1.636910    -0.874383    -1.298125    -0.636388    -0.155282
    1.342362     0.366201     0.379433     1.341481     1.768154     3.281092     2.436942     3.845208     3.011798     0.218348     2.180040     1.047237
    0.204493     0.706419     0.653244     0.406473    -0.251204     0.006462    -0.926862    -1.298492    -0.721342     0.494831    -0.994587    -0.056410
    0.817457     0.472250     0.490788    -0.070450    -0.194317     0.351794     0.651694     1.145828     1.850260     0.585375    -0.184604    -0.643742
   -0.273628    -2.265154    -1.901965    -0.759005    -0.400250     0.163311    -0.558845    -0.103314    -2.901809    -2.485825     0.229697     0.997027
    1.135432     1.004079    -2.021942     1.648287     1.234746     4.175782     0.972763     1.927238     0.818382     0.949479     0.512262     0.089996
    0.247630     0.884070    -1.304342    -1.574214    -2.237043    -1.137937     0.936918     1.717482     1.662641     0.576035     0.035496     0.481191
   -1.026736    -0.096770    -1.228254    -0.956851    -0.352127    -2.345908    -1.200243    -3.470978    -1.495841    -0.315540     1.074738    -0.708261
    0.467064     1.420758     0.982813    -0.736617    -0.291738     0.027091     0.811538    -1.315282     0.641153     0.695368     2.682797     1.539989
   -0.801882    -1.219259    -0.177061     0.675436     0.488178    -0.109109    -3.429683    -3.472364    -3.177391    -0.152798    -0.194479    -0.848448
   -0.471926    -0.109301     0.519478    -0.014120    -1.049757     0.896997    -0.122294     0.667854    -1.531792     0.499041     0.031577     0.514217
   -0.589398    -0.511081    -0.673389    -0.505748    -0.625759     0.693422     0.671556     1.380630     1.748662     0.849227     0.876015     1.469142
   -0.085132    -0.592566     0.048679     0.868505     0.963989     1.106846     2.746103     0.229444     0.343908     1.771686     1.509213     0.555548
    1.155257     2.307283     1.466113    -0.016933     0.096391    -1.065024     0.271520     0.554320     0.017859     0.840659     1.942307    -0.400242
   -0.321984    -0.581286    -0.470668     0.802217    -0.593815     1.177814    -0.960712     0.123120     0.612616    -1.149466     0.292287     0.518903
   -0.731876    -1.087161    -0.373135    -0.229513     0.356619    -1.037521     1.158060     1.075800     1.042982     0.287819     0.786549     0.081846
    0.094988    -0.446123    -0.872380    -1.066302    -0.107536    -1.317686     0.275723    -1.885060    -2.207407    -0.599959    -0.412619     0.386652
    2.457853     3.540139    -0.430363    -0.171132    -0.992070    -0.864577     0.484946     0.595086    -0.482805    -1.341641    -0.070052    -0.936566
   -0.554977    -0.665171    -2.768679    -0.670979    -0.748747    -0.516234    -2.027257    -1.389380    -1.241211     2.531732     1.830493     2.073708
    1.030507    -0.434040    -0.847420    -1.286087     0.941837    -2.298533     0.273972    -0.314865    -1.122479    -0.483603     0.139662     1.691611
   -0.207992    -2.934150    -1.372243     1.595373    -0.626218    -0.443746    -1.168970    -0.979962    -2.707057    -2.724499    -2.892577    -1.389793
    2.782147     3.671562     1.832198     0.435758    -0.191826     2.077340     1.000225     2.142794     2.043457     1.033805     0.676003     0.186989
   -0.623659     0.391980     1.768411    -0.689883    -0.567854     0.027294    -0.818178    -0.524116     0.221535     0.575283     0.305609    -0.011290
    0.498477    -0.796888     1.169711     1.135059    -0.213825    -0.018643     0.633706     0.620369    -0.405624     1.627877     2.740811     0.180209
    1.311091     1.944904     1.893476     0.692805     1.364660     1.893486     4.137897     0.293938     2.407349     1.947117     0.961278     0.549042
   -0.122286    -2.531208    -1.729053     0.888769     2.506570     0.164587    -2.170708     0.545007    -0.804338    -1.052707     0.513070     1.044950
   -0.691213    -2.506401     2.081722     0.079555    -0.363266     0.058185     0.130833    -0.897296    -1.177803    -2.908178    -0.331056    -0.342838
    1.206054     0.802122    -0.249311    -0.644797    -0.764940    -0.483408    -1.138448    -1.490998     0.166088    -0.151613    -1.398927     1.064802
    0.148674    -0.117180    -2.429510    -0.655347     0.320574     0.439339     0.297678    -0.142178    -1.085117    -0.815235     0.449617    -1.993073
   -0.782275    -0.259030    -1.982424     0.155279     0.076034    -2.240438     1.789134    -1.682184     0.553746     1.863269     2.765429     2.946838
   -1.579585     0.668283    -0.785527     2.232127    -0.634814    -1.372221     1.180609     2.171082    -0.722550     0.989760     0.337254     1.599825
   -1.614939    -0.768308    -0.855823     0.218351     1.273040     0.531575    -2.794383     0.358816    -0.863717    -1.207939    -1.308825    -1.030440
    2.710337     1.512155     0.282503     0.057039    -1.193897    -2.484410    -0.673049    -2.011611     1.691875     0.053345    -2.033255    -1.745918
    1.309211    -1.505307     1.259263    -3.245361     1.296494    -0.874116     0.124686    -0.384535    -1.455979     0.444848    -0.499741    -0.650787
   -0.732034    -0.737999    -0.552451    -0.421766    -1.341672    -1.250770    -1.067335    -0.340949     0.906918     1.006811     0.804469     0.824384
    1.376449    -0.905967    -1.453207     0.827627     0.199677    -1.040278     0.470331    -0.891288    -0.660966    -1.554366     0.426100    -0.558099
   -0.114183     0.771984    -0.962187    -1.299787     2.109022    -0.474002    -0.383470    -1.341733    -1.189682    -2.237396     0.884146     0.120644
   -2.208830    -3.590660    -1.300893    -0.559318     0.674403     1.110640    -1.232726     1.261571    -0.781721    -1.701028    -0.137462    -1.896001
   -0.962278    -0.013171     1.464030     0.566532    -0.225195    -0.182035    -0.632906     1.484750     1.088317     2.624975     0.984349     0.497169
   -0.551992    -0.820709    -2.020823     1.155611     0.594963     1.659361     1.069379     1.075581     0.402185    -1.588238     0.469307    -0.759786
    0.855264     2.288869     0.714049    -0.745469    -0.527660     1.672181     0.581388     2.182378    -0.203346     0.943353    -0.508058    -0.906703
   -0.661182     2.903360     0.963371     0.187537    -0.445727     1.614828     0.233257    -0.766279    -0.202194    -2.718955    -0.645485    -1.011349
   -2.778658    -2.326475    -0.806333     1.998361     1.348081     0.591291     0.027646     0.430586     0.740367    -1.859545    -1.575017    -0.216355
    0.711236     1.179562     1.424214     2.066357    -1.727800     0.531117     3.642760     2.795230     0.601657     2.661807     1.941030     1.932984
   -0.701100     0.281172    -0.305800    -2.638357    -2.560698    -2.316053     0.552887    -2.041461    -1.604930    -0.429077    -0.079490    -1.611479
   -1.594767    -1.239903    -2.597613     1.027473     0.906969    -0.476121    -1.030005    -1.252528    -0.079670    -0.775057    -0.722253    -0.379408
   -0.029699    -0.864378     0.034447     0.056055     0.914967    -0.815608     1.740924     1.848895     2.158348    -0.291792     0.452613    -0.199605
   -0.970687     0.662058     0.839709     3.070705     2.335504    -0.203662     0.671323     0.518074    -0.470641     0.275230     0.434189     1.783112
   -0.761349    -0.873285    -0.686787    -2.203558    -0.422800     0.252950    -2.232796    -1.603844    -2.104079     1.014105     0.225101     1.028454
    1.235118     0.273796    -0.370659     0.200117     2.116769     2.022644     2.207257    -0.250478    -0.837220     0.613977     0.353896    -2.366961
   -0.230111     0.056997    -0.913270    -2.072962     0.662324     0.440320     0.924132    -0.152459     1.367755    -1.998991    -0.739583    -1.759413
    0.649840    -0.695593    -0.463776    -2.491127    -1.015268     0.517820    -0.103352    -0.313964    -0.108125    -0.181362     0.360202     0.397190
   -0.914208    -1.054164    -1.327776    -0.147196     0.144914    -0.441569     2.328001    -0.385940    -0.055991     0.419303     1.744546    -0.701923
    0.020125     0.539169     1.039333    -2.757111    -0.232618    -0.973023    -0.706277    -0.459878    -0.850189     1.663267    -0.164564     1.980854
   -0.931311    -1.065560    -0.992786    -0.899463    -0.149318    -0.674183     0.923727     0.954011    -2.002695    -1.864891    -1.399961    -1.469529
   -0.266738     1.869254    -1.479006     1.647884     2.309098     3.162902     0.539971     0.484540    -0.564764     0.868098     0.027435    -0.061442
    2.055359     2.834330     1.303237    -0.467157    -0.723132    -1.808734     1.826606     2.362732    -0.657965     1.447700     2.497751     0.608575
    0.626180     0.686029    -0.999712     0.047478     0.862081     1.107045    -2.128664     0.998451    -0.380201     0.947995    -0.002818     1.137247
    1.430943    -0.571699     0.403574    -1.096793    -2.056366    -1.218019    -0.194355     1.303147    -1.082084     0.020572     0.537878     0.143719
   -0.235772     0.381704    -0.377331    -3.050420    -1.809978    -2.600458    -1.232847    -1.872617    -0.922793     0.699713     2.053158    -1.462373
    1.339981     1.636177     1.645875     1.533297     2.102746    -0.669016     0.030116    -0.564554     1.475942    -0.001459     0.136788     0.714187
    0.890175     0.538118    -0.684222     0.970461     3.068166     1.944786     1.712743    -0.100063     0.916468     3.278219    -0.221518     0.518377
    1.731235     3.326912     1.336227    -0.658006    -0.703970     2.713062    -2.154358    -1.018766     0.757116     0.032520    -0.809736     0.116809
   -0.521300    -0.697631    -1.900848     1.631863     0.576480     0.543065    -0.097199     0.350448     1.399206     0.663391     0.964873    -0.077879
    2.080946     2.580888     1.795033    -0.848183    -0.295426    -1.030871     1.200037     3.082480     1.209596     1.089472     1.369778    -0.484165
    0.071079     2.539735    -0.616249     1.747533     0.950368    -0.310396     1.259273    -0.615637    -0.190306    -2.594133    -0.582799    -0.040375
   -1.802994    -1.073274    -1.373444    -0.152337    -2.213105    -0.124232    -1.190243    -1.090253    -1.170607    -2.046188    -1.760019    -1.158168
   -1.226591     0.210597    -0.246749    -2.423415     2.137147    -0.772049    -0.259181    -1.925694     0.822066     1.013224    -0.047597     0.167102
   -0.658550     1.093408     1.248444    -1.220972     0.305567    -1.056571    -0.710171     0.177302    -0.610631     0.256042     0.010816     0.829159
   -0.166416    -1.123632    -0.856763    -1.393385    -2.082519    -0.233097    -0.802711    -2.149013     0.355567     0.248790     0.473499     1.441066
   -0.654070     0.952380     1.319906     1.110887    -1.664705     0.866922     1.032935     0.637398     0.773014    -0.191679    -1.076898     0.062904
    0.016110    -0.003927    -2.188286     1.773730     0.807685     4.273367     2.877225     3.175105     2.437416    -0.951762     1.147179     0.104426
   -1.185348     1.153981    -1.117494    -0.240052     0.359311     0.512609    -1.325218    -0.741529    -0.266994    -1.130811    -1.691644    -1.371501
    1.598324     1.363447    -0.448950     0.167412     0.194934     0.380928     1.820659     1.941463     2.354065    -0.337513     1.685860     1.386937
    0.374128    -2.906641     1.214616     0.936397    -3.282862     0.856583    -0.521631     0.124566    -2.120272    -0.148982     0.143650    -1.587483
    1.556710    -1.115386     1.761242    -1.473721     0.698093     1.657563     0.412995     0.766159     2.011134    -1.270763    -1.081046    -0.398781
   -1.123309    -0.278428    -1.567468     2.565946     0.529182     0.919007     0.262982     0.649162     0.733915    -2.402181    -1.188451    -3.466829
   -1.565727    -1.291981     0.699583    -0.784070    -0.654515    -1.454024    -0.544632    -1.136458    -0.109884     0.331983     0.374221     0.024935
   -1.374669     1.040926     2.193964     1.287853     1.241261     0.959429     1.359467     1.638390    -0.907001    -0.638828     0.049913     0.136370
    0.298750    -1.809201    -0.670360     0.360490     1.725958    -0.598859    -1.419062    -0.550621    -1.191553     2.081172     0.086556    -0.130677
   -0.713626     1.451329     0.233255     1.244287     0.029344    -2.224569    -0.750417     0.474474     1.665664    -0.773092     0.162381    -0.302545
   -1.673049    -2.894960    -1.227406    -1.065247    -0.202178    -2.133925    -1.492362    -1.962778    -4.199603     0.440419     0.062438    -1.185334
   -1.180851    -1.316491    -0.144274     2.194778     2.363447     2.497577     0.486323     1.044752     0.283750    -1.013899     1.656630     1.542647
    0.758938     0.388098     1.993547     2.430444     2.511615     1.941938     0.529807     2.848826     1.293381     1.810470    -0.298698     2.669839
    1.122908     1.108869     1.228912     1.080124    -0.741855     1.880578    -0.737976     0.671169     0.446268    -2.239709    -0.746345     1.287832
   -2.051885    -0.290694    -0.222863    -1.066038    -0.469615     1.442332    -0.461510    -0.154607     1.246298    -0.020869    -1.767914    -1.268533
   -1.407990    -1.550779     2.203283     0.890099    -1.387129    -0.045009    -1.994992    -0.561796    -0.232657    -1.628837    -1.084693    -2.335560
    0.998490     0.765370     0.757767     0.930269     0.624621     1.681434     0.473550     0.044529     0.459423     1.551696    -0.368221    -0.835600
    1.971513     1.132339     0.635248    -1.976488    -2.288297    -2.219201    -1.079282    -2.398338    -2.931102    -1.307871     0.626291    -0.209767
   -0.826895    -1.771728     0.573469     2.124492     1.180917     1.677691     1.566261     1.935936     0.094073     1.355872     1.157477     1.821701
    1.235389     0.794739     1.356536     0.098999    -0.843757     2.298563     2.185882    -0.413498     2.227122     2.344272     0.687577     2.018687
    0.148918     0.360614     0.608543    -0.789669    -1.326745    -0.100256     1.548647     0.999125     1.530421    -2.936383    -0.025601    -0.546832
   -0.879908    -2.122105    -1.638730     1.243502    -1.449504    -0.960163    -2.146087    -1.489523    -1.830755    -1.939219    -1.335316    -1.244673
   -1.022840    -0.484570    -0.200039     0.184676     0.458979    -0.590546    -0.393363    -0.206538    -0.104705     1.128029     1.025232    -0.897500
   -0.981592    -0.542272    -0.065684    -0.343038    -1.219740    -0.349878    -2.788443    -1.415857    -2.077881     1.749382     0.090614    -1.877382
    1.287790     0.745697     1.179093     1.075145     1.063496    -1.639711    -1.177561    -0.214342    -0.996901     0.358895    -2.566070    -1.405871
    2.329852     0.563110     1.083719     0.937467    -1.446752    -1.697209    -2.070028    -1.830898    -0.508703    -2.079244    -1.767548    -1.932798
    0.782762     0.972310     0.548325     0.518764     0.139269     0.612390     0.224999     0.413934    -0.450608    -1.256302    -0.315747     0.970295
   -1.816939    -0.775818    -0.853700    -3.163518    -0.824816    -2.163935     0.192525    -1.228566    -0.641905    -0.392670    -1.907116    -1.535069
    1.817167     0.514689     2.443681     1.260271    -0.290287     0.010304     0.881869     0.724633    -0.078682    -0.865276     1.916616    -1.224067
   -0.879858    -1.173496    -2.752900    -0.110023    -0.357586    -2.145938     0.801255    -1.252234     0.100340     1.053530    -0.168496    -1.759680
    1.135313     1.106162     2.525401     2.195417     1.288199     2.347151     0.535112     2.836826     1.695037    -0.886425    -0.127506    -1.772400
    0.656580     3.184780    -0.281844    -2.620001    -0.246126    -2.069525    -1.298415    -0.292961    -0.918782    -0.333551    -0.132495     0.723967
    2.182176     0.344421    -0.271350    -0.693107    -0.652350     0.970142    -0.960320     1.068067     0.072639    -0.947584    -1.080377    -0.600562
    1.394031     1.224865    -1.568526     1.410134     2.645267     1.300719    -0.613667     1.103647     0.844392     0.366152     1.950049     1.394678
    0.355802     0.572402    -0.502796     1.168779    -1.993768     0.371274    -0.766870     1.111337     0.484117     0.454438     0.948685     0.926985
   -1.640234     1.337738    -0.242092     0.748118    -0.396926    -0.981576    -1.085731    -0.726100    -0.851228     1.208633     1.187095    -1.037772
    0.517512     2.434656     0.341964     1.028294    -0.370830    -0.215288    -0.165580    -0.254871    -0.604190    -0.074491     1.357988     1.131591
    1.769615     1.294663     2.571875    -0.781471    -0.021070    -1.315760    -0.767944     0.345535     1.078354    -1.175188    -0.540875     0.356092
   -2.024397    -1.092339    -0.617367     4.016906     1.424521     1.660899     2.623711     2.836459     2.166504     1.068106     0.831928     2.091654
    0.394306    -0.884300    -0.642653     1.306707     1.153403     3.309211    -1.590382    -1.831394    -0.360777    -2.443019     0.642659     0.258471
    1.571150     2.673209     0.160533     4.091012     2.256408     2.228895     1.230756     1.616868     2.398187     1.491444    -1.291481     0.697369
    1.692317     0.278222    -1.693942     0.209447     1.096436     0.939713    -0.955087    -2.295287    -0.582440    -1.818248    -1.015340    -0.253815
    0.245444     1.138609     3.057564     1.191730    -0.084339    -0.518142     1.451243     0.709150     0.347091    -0.807988    -0.011241     0.166295
    3.396949     2.561727     0.844479    -0.383892    -0.965911    -0.682328     0.947680     2.915077     0.060331    -1.784134    -1.281961    -0.900915
   -2.670525    -1.109255    -1.300617    -1.072918     1.514450     2.050766     1.341571     0.900121     0.195055    -0.508535     1.822888     1.142597
   -0.456913    -1.658530    -2.293399     2.245270     0.330655     2.057463    -1.400956     0.898377     1.905652     0.738349     2.949810     1.048207
    0.715010     0.339116     0.886124    -0.456115    -0.657722    -0.338129     0.910562     0.606468     1.085519     0.987000     1.750073    -0.802370
    1.132370     1.004868     0.732428    -0.859423     1.332603    -0.941438     0.539413     0.549511    -2.440198    -0.536282     0.929370    -0.075080
    1.794629    -1.572211    -2.243148     3.380986     1.513946     2.531982     0.537528     2.134895    -0.197995     2.732969     2.737907     0.209129
   -1.965911     1.642833     0.946683    -0.459561    -0.052664    -0.468465    -0.474472    -1.962820     0.532199    -1.832634     0.640369    -0.826314
   -2.649956    -1.390118    -2.119133     0.535809     0.859127    -0.430881    -0.969781     0.392018    -1.132037     0.712361     0.034697    -0.947793
    0.600470     0.932638    -0.857475    -2.531056    -2.489421    -1.601153     0.640923     0.361284     2.352160     0.834759     1.561569    -0.529559
    0.325269     0.177024     2.077968     3.003315    -0.275619    -0.189206     2.074541     0.505259     1.025056     2.252476     0.052384     0.280131
    1.947502     1.598260     3.541231     2.554225     1.663720     1.844913     1.244263     0.813241     2.149841    -0.188255     0.274367     1.918610
   -0.191515     0.871759    -0.171614     0.735316     0.216984    -1.777673     0.233790    -0.779414    -0.468599    -0.321637     0.694534    -1.478718
    2.524836     1.329016     0.623084     1.612534     0.428855     0.487377     2.143901     2.327869     3.326517     1.263699     0.855105     1.945654
    2.141062     0.781879     0.101994     1.905920     1.243172    -0.468854     2.128146     1.278205     1.798024     1.824177     3.017225     2.065213
    2.976562     1.283626     0.348532    -2.281551     0.514480    -0.356743    -1.922955    -4.396563     0.285267    -1.286578    -0.301743    -0.962767
   -0.167494     0.204283     0.835182    -0.481643     0.363707     0.372866    -2.454290    -3.014612    -1.046368    -0.856783     0.387715     0.544575
    1.271960     0.181674     0.766652     2.859755     2.254434     1.728503     3.183344     2.597937     1.599430    -0.021037     1.459474     1.160223
   -0.386250     1.507577     2.713198     0.806764    -0.606919    -1.460313    -1.739572    -0.822950    -2.032289    -1.059085    -1.216186    -1.860644
    0.189757     0.051197    -0.955289     2.122296     1.543974     0.685712     0.673298     0.619551    -0.574550    -1.526122     0.626250    -0.539977
   -3.548436    -1.061292    -1.779525     1.349351     1.716891     0.461648     1.190878     0.172559     1.730659    -4.171530    -0.563891    -0.474698
   -1.466046     1.296287     1.827669     1.366613    -0.692200     1.517955     0.980921     1.652154     0.891617     1.223589     2.243256     0.900242
    1.855971     0.632327     4.187116    -1.102646    -0.078100     0.182434     1.637981     1.529030     2.472503     1.479176     1.945784     0.498713
   -0.342439    -2.783650    -2.620216    -0.548357    -0.456109     1.075298    -0.679018     0.899431     0.134139     1.839533     1.072798    -1.105820
    1.019499     1.272067     0.521813     0.027351    -1.858821    -0.868929     1.771287     0.421266     2.277047     1.105051     0.413891     2.255862
    0.880351    -0.102659     0.853943    -0.829412    -0.532706     0.471689    -1.325005     0.735536    -1.109499     3.404353     0.802725     1.609200
    1.951168     0.665606    -0.117988    -1.321107     0.151419    -1.320199     0.717298     1.378501    -0.070336     1.233641    -0.548602     1.129940
    0.833736     1.743688     0.864249     0.046970     0.852126    -0.367943     1.903605     0.982352     1.277377    -1.416567    -0.226916    -0.933618
   -0.675817     1.001608     1.316921    -0.510057    -1.159574    -0.845976     0.501089    -0.389768    -1.955175    -1.877047    -0.837875    -1.238872
   -1.371155    -3.275688    -1.235420    -1.351650    -0.543720     1.353568    -3.565117    -0.972654     0.166409    -0.303087    -1.732054    -0.814847
   -4.082496    -1.703920    -1.468239     1.835687    -0.494282     1.154456     1.215551     0.270322     0.460724     1.307338     0.328046    -0.464604
   -0.505376    -1.553531    -1.035424    -2.357892    -0.206842    -0.728674    -2.653388    -3.060460    -2.682246    -1.198647    -0.680797    -0.315946
    0.268501    -0.691204    -0.236882    -1.818560    -0.980601    -0.788262    -0.781024    -0.096437    -2.087706     1.063408    -0.273468    -0.703101
    1.164853     0.571822    -0.803203    -0.197943    -0.634244    -1.649800    -1.279967     0.942687     0.899908     0.846725     0.895044     0.573795
    0.437533    -0.087987    -0.012367    -1.181241    -1.338354    -1.769320    -2.451372    -1.188239    -0.681955    -1.140760    -0.086896     0.053966
    0.098419     1.223291     3.133004    -0.707751     0.353473    -0.808068    -1.990941    -2.061850    -1.032959    -3.037430    -1.946966    -2.213709
   -1.135011    -2.303952     1.889363     1.019142    -0.243488    -0.954388     0.965481     1.059692     0.804549    -1.520376    -0.786511    -1.782681
    0.799321    -0.932170    -0.354966     0.644279     1.540762    -0.729798     0.528582    -0.475554    -0.065068    -0.579113     0.849270    -0.158399
   -3.923846    -2.068555    -0.220018    -0.795271     0.130045     1.921256    -2.404811    -0.814713    -3.002676    -1.889907    -0.780850    -1.214748
   -0.027766    -1.464353    -2.828526    -1.504779     1.239396     0.391574     1.725421    -0.910628     0.661378     1.664226     1.451035    -1.540975
    1.080352     1.350004    -1.360704    -0.828041     0.769417    -0.263755     1.076109     1.397279     1.587832    -1.986170     0.579205     1.631760
    3.410278     0.647531     2.051446     1.205599     4.862281     2.151328     1.730427     1.666156     0.981497     0.014889     1.692253    -0.183331
    0.126723    -0.755256     1.567169    -0.559285    -1.550174    -2.421188    -0.668845    -0.619074    -0.921367    -2.419562    -0.367455     0.476289
   -0.529295     0.520374     0.689390    -0.815963    -1.515767     0.307784    -0.062492    -0.024372    -0.553707    -0.519140    -0.854907    -0.163210
    0.116159     2.200612     0.147326    -0.820401     1.638841     1.704387     1.799673     1.426601     1.243299     1.581392     0.348360    -0.364336
   -1.026375     1.030634    -0.622404     3.558476     1.427372     2.076996    -0.437673    -1.320560     0.858047    -1.485868     0.729877    -0.404684
   -2.249446    -0.532589    -1.474002     1.699335     0.821620     2.107510    -1.147733    -0.695234    -0.051390     2.175777     1.243581    -1.326420
   -0.378846    -1.705960    -2.019376     2.954313     2.131316     1.157635     1.751074     2.048261     0.981686     3.158170     1.748663     2.161142
    0.096518     0.870862    -0.605829     2.180449    -0.218211    -0.451544    -0.847767     1.386572     2.097329     1.286610    -1.586814    -1.537874
   -0.023998     1.394014     1.043812     1.479459    -0.942411    -0.756279     0.231188    -1.427398    -1.383761     1.408175     0.473328     0.175816
    0.591849    -0.486561    -0.348269    -3.405026    -3.178414    -0.808223     0.161163    -3.138730    -0.608587    -0.700646    -0.091644    -0.600534
   -2.094653    -0.048030    -0.425228    -0.324851    -0.171070     0.059160    -0.831268    -1.487521    -0.519470     1.356390    -0.401955     0.166107
   -0.787752     0.991566     1.790245    -0.452646     0.025274     1.007947     0.960127     2.721807    -0.161797     0.347241     0.212168     0.103620
    1.068404     1.620927    -0.404725    -0.616070     0.825309    -0.667432    -1.785360    -1.144645    -1.176081    -0.065670    -0.019298     1.235989
   -0.776591    -1.261842    -1.202483    -0.834960     1.297150    -0.896299     1.848228    -0.772521     0.785978     0.899436    -1.094543     0.278409
    1.567458     0.500230     0.329693    -0.890294     0.041762    -0.739387    -0.299416     0.409952     0.787313     3.489796     2.573698     1.820380
    0.963583    -0.856024    -0.024401    -0.476285    -0.266517    -0.059120    -0.186454    -0.832984     0.409771    -0.925498    -0.000460     0.894249
    0.846940     1.596245     0.477001     2.626458    -1.337724     1.094427     0.016539     0.562023     0.355033     0.552217    -0.084566    -2.799205
    0.298002     0.558464    -0.150388     0.179482    -0.085350    -0.512075    -0.230976     0.374382    -0.527741    -0.382383    -1.378510    -0.507075
    2.679832     0.418551    -1.561270     0.985377     1.379221    -1.694794     0.589760     0.188791    -0.936758    -1.453747    -2.520968     0.881316
    0.981237     0.337496    -0.366579     0.036508     1.198679     0.900517     0.710371     0.897811     2.129593     1.301301     2.013538     0.273817
    0.041296    -0.051560    -0.411308     1.516064     0.561526     0.069540     2.675367     2.203750     2.122337     0.578950     1.059660     0.873585
   -1.416790    -1.692108    -0.796751     2.095391     1.782117     1.641246     0.410185     1.243154    -0.335017     1.281333     2.130236    -0.643381
    0.247602    -1.553454     0.724410    -1.046864    -1.247420    -2.392898     1.614591     0.034438     0.344274    -0.268404    -1.194481    -0.807547
    0.903144     0.699542     1.180542    -0.573238     0.001658     1.107397     0.443778    -0.390126     2.031597    -2.359690    -2.261904    -0.560744
